0 0 0.7125 0.0625 0.7125 0.0625 0.8546875 0 0.8546875
0 0 0.4859375 0.1125 0.4859375 0.1125 0.5984375 0 0.5984375
0 0 0.103125 0.103125 0.103125 0.103125 0.20625 0 0.20625
0 0.1078125 0.2046875 0.134375 0.2046875 0.134375 0.2453125 0.1078125 0.2453125
0 0.2125 0.3015625 0.2875 0.3015625 0.2875 0.346875 0.2125 0.346875
0 0.3125 0.1703125 0.4015625 0.1703125 0.4015625 0.2328125 0.3125 0.2328125
0 0.46875 0.1796875 0.5671875 0.1796875 0.5671875 0.259375 0.46875 0.259375
0 0.58125 0.2390625 0.6171875 0.2390625 0.6171875 0.290625 0.58125 0.290625
0 0.4703125 0.296875 0.521875 0.296875 0.521875 0.3671875 0.4703125 0.3671875
0 0.5265625 0.2984375 0.634375 0.2984375 0.634375 0.3515625 0.5265625 0.3515625
0 0.478125 0.434375 0.521875 0.434375 0.521875 0.4953125 0.478125 0.4953125
0 0.634375 0.3140625 0.7625 0.3140625 0.7625 0.378125 0.634375 0.378125
0 0.53125 0.5140625 0.621875 0.5140625 0.621875 0.553125 0.53125 0.553125
0 0.6234375 0.446875 0.75625 0.446875 0.75625 0.54375 0.6234375 0.54375
0 0.8828125 0.3390625 0.9484375 0.3390625 0.9484375 0.3921875 0.8828125 0.3921875
0 0.76875 0.3484375 0.796875 0.3484375 0.796875 0.3890625 0.76875 0.3890625
0 0.7765625 0.31875 0.828125 0.31875 0.828125 0.3484375 0.7765625 0.3484375