0 0.2703125 0.85625 0.3796875 0.85625 0.3796875 0.9578125 0.2703125 0.9578125
0 0.4953125 0.865625 0.546875 0.865625 0.546875 0.915625 0.4953125 0.915625
0 0.121875 0.44375 0.2 0.44375 0.2 0.5765625 0.121875 0.5765625
0 0.2109375 0.4484375 0.28125 0.4484375 0.28125 0.5890625 0.2109375 0.5890625
0 0.2828125 0.3640625 0.365625 0.3640625 0.365625 0.575 0.2828125 0.575
0 0.3734375 0.45625 0.43125 0.45625 0.43125 0.56875 0.3734375 0.56875
0 0.440625 0.4484375 0.503125 0.4484375 0.503125 0.5796875 0.440625 0.5796875
0 0.5046875 0.453125 0.5671875 0.453125 0.5671875 0.578125 0.5046875 0.578125
0 0.5734375 0.3515625 0.625 0.3515625 0.625 0.56875 0.5734375 0.56875
0 0.6265625 0.459375 0.675 0.459375 0.675 0.5625 0.6265625 0.5625
0 0.68125 0.4546875 0.7203125 0.4546875 0.7203125 0.5640625 0.68125 0.5640625
0 0.7125 0.3734375 0.765625 0.3734375 0.765625 0.68125 0.7125 0.68125
0 0.7796875 0.4765625 0.81875 0.4765625 0.81875 0.5734375 0.7796875 0.5734375
0 0.821875 0.478125 0.8578125 0.478125 0.8578125 0.5609375 0.821875 0.5609375
0 0.85625 0.4796875 0.8921875 0.4796875 0.8921875 0.565625 0.85625 0.565625
0 0.8984375 0.4796875 0.93125 0.4796875 0.93125 0.5625 0.8984375 0.5625
0 0.9671875 0.478125 0.9984375 0.478125 0.9984375 0.565625 0.9671875 0.565625
1 0 0 0.6734375 0 0.6734375 0.2140625 0 0.2140625