0 0.3828125 0.3171875 0.4140625 0.3171875 0.4140625 0.409375 0.3828125 0.409375
0 0.471875 0.328125 0.525 0.328125 0.525 0.4203125 0.471875 0.4203125
0 0.54375 0.365625 0.59375 0.365625 0.59375 0.4484375 0.54375 0.4484375
0 0.6359375 0.3765625 0.675 0.3765625 0.675 0.45625 0.6359375 0.45625
0 0.5390625 0.20625 0.590625 0.20625 0.590625 0.3125 0.5390625 0.3125
0 0.621875 0.2375 0.675 0.2375 0.675 0.33125 0.621875 0.33125
0 0.70625 0.2 0.7703125 0.2 0.7703125 0.303125 0.70625 0.303125
0 0.540625 0.0328125 0.7140625 0.0328125 0.7140625 0.184375 0.540625 0.184375
0 0.3390625 0.0921875 0.425 0.0921875 0.425 0.184375 0.3390625 0.184375
1 0.43125 0.071875 0.5328125 0.071875 0.5328125 0.2484375 0.43125 0.2484375
1 0.178125 0 0.3265625 0 0.3265625 0.225 0.178125 0.225
1 0.328125 0 0.76875 0 0.76875 0.0609375 0.328125 0.0609375
0 0.4671875 0.634375 0.621875 0.634375 0.621875 0.71875 0.4671875 0.71875