0 0 0.7140625 0.0625 0.7140625 0.0625 0.85625 0 0.85625
0 0 0.4859375 0.1125 0.4859375 0.1125 0.6015625 0 0.6015625
0 0 0.103125 0.103125 0.103125 0.103125 0.20625 0 0.20625
0 0.109375 0.2046875 0.134375 0.2046875 0.134375 0.246875 0.109375 0.246875
0 0.2125 0.303125 0.2875 0.303125 0.2875 0.3484375 0.2125 0.3484375
0 0.3125 0.1703125 0.4015625 0.1703125 0.4015625 0.2328125 0.3125 0.2328125
0 0.46875 0.1796875 0.5671875 0.1796875 0.5671875 0.2578125 0.46875 0.2578125
0 0.5828125 0.240625 0.6171875 0.240625 0.6171875 0.290625 0.5828125 0.290625
0 0.471875 0.2984375 0.521875 0.2984375 0.521875 0.3671875 0.471875 0.3671875
0 0.525 0.2984375 0.634375 0.2984375 0.634375 0.3515625 0.525 0.3515625
0 0.4796875 0.434375 0.521875 0.434375 0.521875 0.4953125 0.4796875 0.4953125
0 0.6359375 0.3125 0.7625 0.3125 0.7625 0.3765625 0.6359375 0.3765625
0 0.53125 0.515625 0.6234375 0.515625 0.6234375 0.5546875 0.53125 0.5546875
0 0.621875 0.4484375 0.7546875 0.4484375 0.7546875 0.54375 0.621875 0.54375
0 0.88125 0.3390625 0.946875 0.3390625 0.946875 0.3921875 0.88125 0.3921875
0 0.7671875 0.346875 0.7984375 0.346875 0.7984375 0.3890625 0.7671875 0.3890625
0 0.7765625 0.3171875 0.8265625 0.3171875 0.8265625 0.3484375 0.7765625 0.3484375