0 0.040625 0.5625 0.1234375 0.5625 0.1234375 0.7078125 0.040625 0.7078125
0 0.1328125 0.54375 0.2109375 0.54375 0.2109375 0.696875 0.1328125 0.696875
0 0.2296875 0.528125 0.2796875 0.528125 0.2796875 0.7515625 0.2296875 0.7515625
0 0.3140625 0.459375 0.4421875 0.459375 0.4421875 0.6671875 0.3140625 0.6671875
0 0.540625 0.278125 0.753125 0.278125 0.753125 0.64375 0.540625 0.64375
0 0.7640625 0.35625 0.9140625 0.35625 0.9140625 0.721875 0.7640625 0.721875
0 0.9203125 0.48125 0.9953125 0.48125 0.9953125 0.7640625 0.9203125 0.7640625
0 0.3359375 0.253125 0.525 0.253125 0.525 0.4515625 0.3359375 0.4515625
0 0.1625 0.43125 0.29375 0.43125 0.29375 0.5171875 0.1625 0.5171875
1 0.090625 0 0.30625 0 0.30625 0.4265625 0.090625 0.4265625
1 0.5421875 0 0.8484375 0 0.8484375 0.2671875 0.5421875 0.2671875