0 0.3640625 0.109375 0.459375 0.109375 0.459375 0.2078125 0.3640625 0.2078125
0 0.540625 0.0703125 0.7203125 0.0703125 0.7203125 0.19375 0.540625 0.19375
0 0.703125 0.203125 0.7734375 0.203125 0.7734375 0.2875 0.703125 0.2875
0 0.628125 0.2078125 0.6828125 0.2078125 0.6828125 0.3390625 0.628125 0.3390625
0 0.5640625 0.21875 0.6046875 0.21875 0.6046875 0.3203125 0.5640625 0.3203125
0 0.4046875 0.325 0.44375 0.325 0.44375 0.4015625 0.4046875 0.4015625
0 0.4921875 0.33125 0.5453125 0.33125 0.5453125 0.4109375 0.4921875 0.4109375
0 0.571875 0.3703125 0.6046875 0.3703125 0.6046875 0.4359375 0.571875 0.4359375
0 0.6515625 0.3765625 0.6859375 0.3765625 0.6859375 0.4484375 0.6515625 0.4484375
1 0.2234375 0.0015625 0.753125 0.0015625 0.753125 0.0828125 0.2234375 0.0828125
1 0.45625 0.1078125 0.5515625 0.1078125 0.5515625 0.2453125 0.45625 0.2453125
1 0.246875 0.0890625 0.36875 0.0890625 0.36875 0.2328125 0.246875 0.2328125