0 0.271875 0.85 0.3796875 0.85 0.3796875 0.95 0.271875 0.95
0 0.49375 0.8609375 0.5453125 0.8609375 0.5453125 0.909375 0.49375 0.909375
0 0.125 0.44375 0.203125 0.44375 0.203125 0.575 0.125 0.575
0 0.2125 0.446875 0.2828125 0.446875 0.2828125 0.5859375 0.2125 0.5859375
0 0.284375 0.3640625 0.365625 0.3640625 0.365625 0.5734375 0.284375 0.5734375
0 0.375 0.4546875 0.43125 0.4546875 0.43125 0.565625 0.375 0.565625
0 0.440625 0.4484375 0.5015625 0.4484375 0.5015625 0.578125 0.440625 0.578125
0 0.503125 0.4515625 0.5640625 0.4515625 0.5640625 0.575 0.503125 0.575
0 0.571875 0.3515625 0.621875 0.3515625 0.621875 0.5671875 0.571875 0.5671875
0 0.625 0.459375 0.671875 0.459375 0.671875 0.5609375 0.625 0.5609375
0 0.678125 0.453125 0.7171875 0.453125 0.7171875 0.5609375 0.678125 0.5609375
0 0.709375 0.3734375 0.7609375 0.3734375 0.7609375 0.678125 0.709375 0.678125
0 0.775 0.475 0.8140625 0.475 0.8140625 0.5703125 0.775 0.5703125
0 0.8171875 0.478125 0.853125 0.478125 0.853125 0.559375 0.8171875 0.559375
0 0.85 0.478125 0.8859375 0.478125 0.8859375 0.5640625 0.85 0.5640625
0 0.8921875 0.4796875 0.925 0.4796875 0.925 0.5609375 0.8921875 0.5609375
0 0.959375 0.478125 0.990625 0.478125 0.990625 0.5640625 0.959375 0.5640625
1 0.0015625 0.003125 0.6703125 0.003125 0.6703125 0.2171875 0.0015625 0.2171875