0 0.3875 0.0609375 0.49375 0.0609375 0.49375 0.1703125 0.3875 0.1703125
0 0.5828125 0.01875 0.7828125 0.01875 0.7828125 0.1546875 0.5828125 0.1546875
0 0.7625 0.165625 0.840625 0.165625 0.840625 0.259375 0.7625 0.259375
0 0.6796875 0.1703125 0.740625 0.1703125 0.740625 0.315625 0.6796875 0.315625
0 0.609375 0.1828125 0.6546875 0.1828125 0.6546875 0.2953125 0.609375 0.2953125
0 0.43125 0.3 0.475 0.3 0.475 0.384375 0.43125 0.384375
0 0.5296875 0.3078125 0.5875 0.3078125 0.5875 0.396875 0.5296875 0.396875
0 0.6171875 0.35 0.6546875 0.35 0.6546875 0.4234375 0.6171875 0.4234375
0 0.7046875 0.3578125 0.74375 0.3578125 0.74375 0.4375 0.7046875 0.4375
1 0.2296875 0 0.8171875 0 0.8171875 0.03125 0.2296875 0.03125
1 0.4890625 0.059375 0.59375 0.059375 0.59375 0.2125 0.4890625 0.2125
1 0.2578125 0.0390625 0.3921875 0.0390625 0.3921875 0.1984375 0.2578125 0.1984375