0 0.034375 0.575 0.1140625 0.575 0.1140625 0.715625 0.034375 0.715625
0 0.1234375 0.5578125 0.2 0.5578125 0.2 0.7046875 0.1234375 0.7046875
0 0.2171875 0.5421875 0.265625 0.5421875 0.265625 0.7578125 0.2171875 0.7578125
0 0.3 0.475 0.4234375 0.475 0.4234375 0.675 0.3 0.675
0 0.51875 0.3 0.7234375 0.3 0.7234375 0.653125 0.51875 0.653125
0 0.734375 0.375 0.8796875 0.375 0.8796875 0.728125 0.734375 0.728125
0 0.884375 0.496875 0.9578125 0.496875 0.9578125 0.7703125 0.884375 0.7703125
0 0.3203125 0.275 0.503125 0.275 0.503125 0.4671875 0.3203125 0.4671875
0 0.1515625 0.4484375 0.2796875 0.4484375 0.2796875 0.53125 0.1515625 0.53125
1 0.0828125 0 0.2921875 0 0.2921875 0.44375 0.0828125 0.44375
1 0.51875 0 0.8171875 0 0.8171875 0.2890625 0.51875 0.2890625