0 0.3359375 0.0578125 0.4375 0.0578125 0.4375 0.1625 0.3359375 0.1625
0 0.5234375 0.015625 0.715625 0.015625 0.715625 0.1484375 0.5234375 0.1484375
0 0.696875 0.1578125 0.771875 0.1578125 0.771875 0.2484375 0.696875 0.2484375
0 0.6171875 0.1625 0.675 0.1625 0.675 0.303125 0.6171875 0.303125
0 0.5484375 0.1734375 0.5921875 0.1734375 0.5921875 0.2828125 0.5484375 0.2828125
0 0.378125 0.2875 0.41875 0.2875 0.41875 0.36875 0.378125 0.36875
0 0.471875 0.2953125 0.528125 0.2953125 0.528125 0.3796875 0.471875 0.3796875
0 0.55625 0.3359375 0.5921875 0.3359375 0.5921875 0.40625 0.55625 0.40625
0 0.640625 0.34375 0.678125 0.34375 0.678125 0.4203125 0.640625 0.4203125
1 0.1828125 0 0.7484375 0 0.7484375 0.028125 0.1828125 0.028125
1 0.4328125 0.05625 0.534375 0.05625 0.534375 0.203125 0.4328125 0.203125
1 0.2109375 0.0359375 0.340625 0.0359375 0.340625 0.1890625 0.2109375 0.1890625