0 0 0.490625 0.0484375 0.490625 0.0484375 0.6140625 0 0.6140625
0 0 0.078125 0.0390625 0.078125 0.0390625 0.1890625 0 0.1890625
0 0.0453125 0.1875 0.071875 0.1875 0.071875 0.2328125 0.0453125 0.2328125
0 0.15625 0.29375 0.2359375 0.29375 0.2359375 0.3421875 0.15625 0.3421875
0 0.2640625 0.15 0.359375 0.15 0.359375 0.2171875 0.2640625 0.2171875
0 0.43125 0.1609375 0.5359375 0.1609375 0.5359375 0.24375 0.43125 0.24375
0 0.553125 0.225 0.5890625 0.225 0.5890625 0.2796875 0.553125 0.2796875
0 0.434375 0.2890625 0.4875 0.2890625 0.4875 0.3625 0.434375 0.3625
0 0.4921875 0.2875 0.609375 0.2875 0.609375 0.3453125 0.4921875 0.3453125
0 0.4421875 0.434375 0.4875 0.434375 0.4875 0.5 0.4421875 0.5
0 0.6109375 0.3046875 0.746875 0.3046875 0.746875 0.3734375 0.6109375 0.3734375
0 0.4984375 0.521875 0.596875 0.521875 0.596875 0.5640625 0.4984375 0.5640625
0 0.5953125 0.4484375 0.7390625 0.4484375 0.7390625 0.5515625 0.5953125 0.5515625
0 0.875 0.33125 0.9453125 0.33125 0.9453125 0.3890625 0.875 0.3890625
0 0.7515625 0.340625 0.7859375 0.340625 0.7859375 0.3859375 0.7515625 0.3859375
0 0.7609375 0.309375 0.815625 0.309375 0.815625 0.3421875 0.7609375 0.3421875