0 0.0578125 0.584375 0.1359375 0.584375 0.1359375 0.721875 0.0578125 0.721875
0 0.1453125 0.5671875 0.21875 0.5671875 0.21875 0.7109375 0.1453125 0.7109375
0 0.2359375 0.5515625 0.2828125 0.5515625 0.2828125 0.7609375 0.2359375 0.7609375
0 0.315625 0.4859375 0.4359375 0.4859375 0.4359375 0.68125 0.315625 0.68125
0 0.5296875 0.3171875 0.7296875 0.3171875 0.7296875 0.6609375 0.5296875 0.6609375
0 0.7390625 0.3890625 0.88125 0.3890625 0.88125 0.7328125 0.7390625 0.7328125
0 0.8859375 0.5078125 0.95625 0.5078125 0.95625 0.7734375 0.8859375 0.7734375
0 0.3359375 0.29375 0.5140625 0.29375 0.5140625 0.4796875 0.3359375 0.4796875
0 0.1734375 0.4609375 0.296875 0.4609375 0.296875 0.5421875 0.1734375 0.5421875
1 0.10625 0.0015625 0.309375 0.0015625 0.309375 0.45625 0.10625 0.45625
1 0.53125 0.003125 0.8203125 0.003125 0.8203125 0.3078125 0.53125 0.3078125