0 0.584375 0.08125 0.8421875 0.08125 0.8421875 0.35625 0.584375 0.35625
0 0.1890625 0.084375 0.23125 0.084375 0.23125 0.125 0.1890625 0.125
0 0.115625 0.1671875 0.15 0.1671875 0.15 0.19375 0.115625 0.19375
0 0.24375 0.2140625 0.275 0.2140625 0.275 0.2421875 0.24375 0.2421875
0 0.284375 0.240625 0.328125 0.240625 0.328125 0.36875 0.284375 0.36875
0 0.434375 0.684375 0.9640625 0.684375 0.9640625 0.946875 0.434375 0.946875
0 0.134375 0.915625 0.4359375 0.915625 0.4359375 0.965625 0.134375 0.965625
1 0.4328125 0.484375 0.9546875 0.484375 0.9546875 0.678125 0.4328125 0.678125
1 0.60625 0.0234375 0.9375 0.0234375 0.9375 0.1328125 0.60625 0.1328125
1 0.1296875 0.015625 0.4484375 0.015625 0.4484375 0.084375 0.1296875 0.084375
1 0.3015625 0.0328125 0.4359375 0.0328125 0.4359375 0.4234375 0.3015625 0.4234375
0 0.10625 0.25625 0.1375 0.25625 0.1375 0.2796875 0.10625 0.2796875
0 0.1890625 0.2671875 0.2328125 0.2671875 0.2328125 0.3640625 0.1890625 0.3640625