0 0.528125 0.7359375 0.7171875 0.7359375 0.7171875 0.8296875 0.528125 0.8296875
0 0.8953125 0.609375 1 0.609375 1 0.8203125 0.8953125 0.8203125
0 0.7296875 0.7421875 0.85625 0.7421875 0.85625 0.8359375 0.7296875 0.8359375
0 0.8171875 0.0234375 0.971875 0.0234375 0.971875 0.2109375 0.8171875 0.2109375
0 0.990625 0.240625 1 0.240625 1 0.353125 0.990625 0.353125
0 0.6625 0.0921875 0.7296875 0.0921875 0.7296875 0.284375 0.6625 0.284375
0 0.9046875 0.2734375 0.9375 0.2734375 0.9375 0.3125 0.9046875 0.3125
0 0.56875 0.1171875 0.634375 0.1171875 0.634375 0.290625 0.56875 0.290625
0 0.2609375 0.0171875 0.465625 0.0171875 0.465625 0.7703125 0.2609375 0.7703125
0 0.0078125 0.6046875 0.084375 0.6046875 0.084375 0.7 0.0078125 0.7
0 0.05 0.1703125 0.228125 0.1703125 0.228125 0.5859375 0.05 0.5859375
0 0.4859375 0.03125 0.6078125 0.03125 0.6078125 0.1125 0.4859375 0.1125