0 0.5078125 0.759375 0.703125 0.759375 0.703125 0.85625 0.5078125 0.85625
0 0.8890625 0.6265625 1 0.6265625 1 0.846875 0.8890625 0.846875
0 0.7171875 0.7640625 0.8484375 0.7640625 0.8484375 0.8625 0.7171875 0.8625
0 0.8078125 0.0171875 0.96875 0.0171875 0.96875 0.2125 0.8078125 0.2125
0 0.9890625 0.24375 1 0.24375 1 0.3609375 0.9890625 0.3609375
0 0.646875 0.0890625 0.7171875 0.0890625 0.7171875 0.2890625 0.646875 0.2890625
0 0.8984375 0.278125 0.9328125 0.278125 0.9328125 0.31875 0.8984375 0.31875
0 0.5484375 0.1140625 0.6171875 0.1140625 0.6171875 0.2953125 0.5484375 0.2953125
0 0.228125 0.0109375 0.440625 0.0109375 0.440625 0.7953125 0.228125 0.7953125
0 0 0.621875 0.0453125 0.621875 0.0453125 0.721875 0 0.721875
0 0.009375 0.1703125 0.1953125 0.1703125 0.1953125 0.603125 0.009375 0.603125
0 0.4625 0.0265625 0.590625 0.0265625 0.590625 0.1109375 0.4625 0.1109375