0 0.4140625 0.3203125 0.44375 0.3203125 0.44375 0.40625 0.4140625 0.40625
0 0.496875 0.33125 0.5453125 0.33125 0.5453125 0.415625 0.496875 0.415625
0 0.5625 0.3640625 0.6078125 0.3640625 0.6078125 0.440625 0.5625 0.440625
0 0.6484375 0.375 0.684375 0.375 0.684375 0.4484375 0.6484375 0.4484375
0 0.5578125 0.2171875 0.60625 0.2171875 0.60625 0.315625 0.5578125 0.315625
0 0.634375 0.246875 0.684375 0.246875 0.684375 0.3328125 0.634375 0.3328125
0 0.7125 0.2109375 0.771875 0.2109375 0.771875 0.30625 0.7125 0.30625
0 0.5609375 0.0578125 0.7203125 0.0578125 0.7203125 0.1984375 0.5609375 0.1984375
0 0.3734375 0.1125 0.453125 0.1125 0.453125 0.1984375 0.3734375 0.1984375
1 0.4578125 0.09375 0.5515625 0.09375 0.5515625 0.25625 0.4578125 0.25625
1 0.225 0 0.3625 0 0.3625 0.234375 0.225 0.234375
1 0.3625 0.003125 0.7703125 0.003125 0.7703125 0.0828125 0.3625 0.0828125
0 0.4921875 0.6125 0.6359375 0.6125 0.6359375 0.690625 0.4921875 0.690625