0 0.015625 0.5953125 0.1171875 0.5953125 0.1171875 0.6578125 0.015625 0.6578125
0 0.121875 0.503125 0.2953125 0.503125 0.2953125 0.6625 0.121875 0.6625
0 0.4421875 0.6359375 0.475 0.6359375 0.475 0.6625 0.4421875 0.6625
0 0.4625 0.43125 0.496875 0.43125 0.496875 0.4796875 0.4625 0.4796875
0 0.5484375 0.64375 0.621875 0.64375 0.621875 0.675 0.5484375 0.675
0 0.684375 0.65625 0.7234375 0.65625 0.7234375 0.7078125 0.684375 0.7078125
0 0.7171875 0.478125 0.7390625 0.478125 0.7390625 0.5171875 0.7171875 0.5171875
0 0.3171875 0.3125 0.4046875 0.3125 0.4046875 0.3734375 0.3171875 0.3734375
0 0.690625 0.3015625 0.796875 0.3015625 0.796875 0.3875 0.690625 0.3875
0 0.8125 0.3265625 0.98125 0.3265625 0.98125 0.45 0.8125 0.45
0 0.75 0.525 0.990625 0.525 0.990625 0.740625 0.75 0.740625