0 0 0.734375 0.05 0.734375 0.05 0.8859375 0 0.8859375
0 0 0.49375 0.103125 0.49375 0.103125 0.615625 0 0.615625
0 0 0.0859375 0.09375 0.0859375 0.09375 0.1953125 0 0.1953125
0 0.1 0.19375 0.1265625 0.19375 0.1265625 0.2375 0.1 0.2375
0 0.209375 0.2984375 0.2890625 0.2984375 0.2890625 0.346875 0.209375 0.346875
0 0.315625 0.15625 0.4109375 0.15625 0.4109375 0.2234375 0.315625 0.2234375
0 0.48125 0.1671875 0.5859375 0.1671875 0.5859375 0.25 0.48125 0.25
0 0.6015625 0.2328125 0.6390625 0.2328125 0.6390625 0.2859375 0.6015625 0.2859375
0 0.484375 0.29375 0.5375 0.29375 0.5375 0.3671875 0.484375 0.3671875
0 0.5421875 0.29375 0.6578125 0.29375 0.6578125 0.35 0.5421875 0.35
0 0.4921875 0.4390625 0.5375 0.4390625 0.5375 0.503125 0.4921875 0.503125
0 0.659375 0.309375 0.79375 0.309375 0.79375 0.3765625 0.659375 0.3765625
0 0.5484375 0.5234375 0.6453125 0.5234375 0.6453125 0.565625 0.5484375 0.565625
0 0.64375 0.453125 0.7859375 0.453125 0.7859375 0.5546875 0.64375 0.5546875
0 0.9203125 0.3375 0.990625 0.3375 0.990625 0.39375 0.9203125 0.39375
0 0.7984375 0.3453125 0.8328125 0.3453125 0.8328125 0.390625 0.7984375 0.390625
0 0.809375 0.3140625 0.8625 0.3140625 0.8625 0.346875 0.809375 0.346875