0 0 0.7109375 0.0421875 0.7109375 0.0421875 0.859375 0 0.859375
0 0 0.4734375 0.0953125 0.4734375 0.0953125 0.5921875 0 0.5921875
0 0 0.0703125 0.0859375 0.0703125 0.0859375 0.178125 0 0.178125
0 0.090625 0.178125 0.11875 0.178125 0.11875 0.221875 0.090625 0.221875
0 0.2 0.2796875 0.278125 0.2796875 0.278125 0.328125 0.2 0.328125
0 0.3046875 0.1421875 0.3984375 0.1421875 0.3984375 0.2078125 0.3046875 0.2078125
0 0.46875 0.1515625 0.571875 0.1515625 0.571875 0.2359375 0.46875 0.2359375
0 0.5859375 0.2140625 0.6234375 0.2140625 0.6234375 0.2671875 0.5859375 0.2671875
0 0.4703125 0.2765625 0.525 0.2765625 0.525 0.35 0.4703125 0.35
0 0.528125 0.2765625 0.6421875 0.2765625 0.6421875 0.33125 0.528125 0.33125
0 0.478125 0.4203125 0.525 0.4203125 0.525 0.484375 0.478125 0.484375
0 0.64375 0.29375 0.778125 0.29375 0.778125 0.3609375 0.64375 0.3609375
0 0.534375 0.503125 0.6296875 0.503125 0.6296875 0.54375 0.534375 0.54375
0 0.63125 0.4328125 0.7703125 0.4328125 0.7703125 0.534375 0.63125 0.534375
0 0.903125 0.3203125 0.971875 0.3203125 0.971875 0.375 0.903125 0.375
0 0.784375 0.328125 0.8140625 0.328125 0.8140625 0.371875 0.784375 0.371875
0 0.790625 0.2984375 0.8453125 0.2984375 0.8453125 0.3296875 0.790625 0.3296875