0 0.603125 0.0953125 0.8453125 0.0953125 0.8453125 0.3546875 0.603125 0.3546875
0 0.23125 0.0984375 0.2703125 0.0984375 0.2703125 0.1359375 0.23125 0.1359375
0 0.1625 0.175 0.19375 0.175 0.19375 0.2 0.1625 0.2
0 0.2828125 0.2203125 0.3125 0.2203125 0.3125 0.246875 0.2828125 0.246875
0 0.321875 0.2453125 0.3625 0.2453125 0.3625 0.365625 0.321875 0.365625
0 0.4609375 0.6625 0.959375 0.6625 0.959375 0.909375 0.4609375 0.909375
0 0.1796875 0.8796875 0.4640625 0.8796875 0.4640625 0.9265625 0.1796875 0.9265625
1 0.4609375 0.475 0.9515625 0.475 0.9515625 0.65625 0.4609375 0.65625
1 0.6234375 0.040625 0.9359375 0.040625 0.9359375 0.14375 0.6234375 0.14375
1 0.175 0.0328125 0.475 0.0328125 0.475 0.0984375 0.175 0.0984375
1 0.3375 0.05 0.4640625 0.05 0.4640625 0.4171875 0.3375 0.4171875
0 0.153125 0.259375 0.1828125 0.259375 0.1828125 0.28125 0.153125 0.28125
0 0.23125 0.2703125 0.271875 0.2703125 0.271875 0.3609375 0.23125 0.3609375