0 0.5203125 0.7078125 0.6984375 0.7078125 0.6984375 0.796875 0.5203125 0.796875
0 0.86875 0.5875 0.990625 0.5875 0.990625 0.7875 0.86875 0.7875
0 0.7109375 0.7125 0.8296875 0.7125 0.8296875 0.8015625 0.7109375 0.8015625
0 0.7921875 0.034375 0.9390625 0.034375 0.9390625 0.2109375 0.7921875 0.2109375
0 0.9578125 0.2390625 0.99375 0.2390625 0.99375 0.3453125 0.9578125 0.3453125
0 0.646875 0.0984375 0.7109375 0.0984375 0.7109375 0.2796875 0.646875 0.2796875
0 0.875 0.2703125 0.90625 0.2703125 0.90625 0.30625 0.875 0.30625
0 0.55625 0.121875 0.61875 0.121875 0.61875 0.2859375 0.55625 0.2859375
0 0.265625 0.0265625 0.459375 0.0265625 0.459375 0.740625 0.265625 0.740625
0 0.0265625 0.584375 0.1 0.584375 0.1 0.675 0.0265625 0.675
0 0.065625 0.171875 0.234375 0.171875 0.234375 0.565625 0.065625 0.565625
0 0.4796875 0.040625 0.5953125 0.040625 0.5953125 0.1171875 0.4796875 0.1171875