0 0.01875 0.59375 0.11875 0.59375 0.11875 0.65625 0.01875 0.65625
0 0.1234375 0.5046875 0.2953125 0.5046875 0.2953125 0.6609375 0.1234375 0.6609375
0 0.440625 0.634375 0.471875 0.634375 0.471875 0.6609375 0.440625 0.6609375
0 0.459375 0.4328125 0.49375 0.4328125 0.49375 0.4796875 0.459375 0.4796875
0 0.5453125 0.6421875 0.61875 0.6421875 0.61875 0.6734375 0.5453125 0.6734375
0 0.6796875 0.6546875 0.71875 0.6546875 0.71875 0.7046875 0.6796875 0.7046875
0 0.7109375 0.478125 0.7328125 0.478125 0.7328125 0.5171875 0.7109375 0.5171875
0 0.315625 0.315625 0.403125 0.315625 0.403125 0.375 0.315625 0.375
0 0.684375 0.303125 0.7890625 0.303125 0.7890625 0.3890625 0.684375 0.3890625
0 0.80625 0.3296875 0.9734375 0.3296875 0.9734375 0.4515625 0.80625 0.4515625
0 0.74375 0.525 0.98125 0.525 0.98125 0.7375 0.74375 0.7375