0 0.459375 0.1421875 0.56875 0.1421875 0.56875 0.2640625 0.459375 0.2640625
0 0.54375 0.3140625 0.575 0.3140625 0.575 0.384375 0.54375 0.384375
0 0.6453125 0.0046875 0.721875 0.0046875 0.721875 0.1640625 0.6453125 0.1640625
0 0.6484375 0.159375 0.709375 0.159375 0.709375 0.240625 0.6484375 0.240625
0 0.6453125 0.25625 0.75625 0.25625 0.75625 0.5609375 0.6453125 0.5609375
0 0.6515625 0.5828125 0.7609375 0.5828125 0.7609375 0.803125 0.6515625 0.803125
0 0.6546875 0.8109375 0.7359375 0.8109375 0.7359375 0.996875 0.6546875 0.996875
0 0.534375 0.8625 0.575 0.8625 0.575 0.91875 0.534375 0.91875
0 0.540625 0.740625 0.5703125 0.740625 0.5703125 0.80625 0.540625 0.80625
0 0.3125 0.9375 0.378125 0.9375 0.378125 1 0.3125 1
0 0.34375 0.6203125 0.4015625 0.6203125 0.4015625 0.7046875 0.34375 0.7046875
0 0.2 0.5875 0.2375 0.5875 0.2375 0.6484375 0.2 0.6484375
1 0.7515625 0 1 0 1 0.9828125 0.7515625 0.9828125
1 0.2265625 0 0.39375 0 0.39375 0.2109375 0.2265625 0.2109375
0 0.390625 0.3140625 0.58125 0.3140625 0.58125 0.7484375 0.390625 0.7484375