0 0.6375 0.0875 0.7171875 0.0875 0.7171875 0.2015625 0.6375 0.2015625
0 0.6578125 0.221875 0.725 0.221875 0.725 0.3046875 0.6578125 0.3046875
0 0.653125 0.31875 0.7546875 0.31875 0.7546875 0.5734375 0.653125 0.5734375
0 0.6546875 0.6046875 0.7609375 0.6046875 0.7609375 0.8046875 0.6546875 0.8046875
0 0.659375 0.81875 0.725 0.81875 0.725 0.9890625 0.659375 0.9890625
0 0.5484375 0.8734375 0.5875 0.8734375 0.5875 0.921875 0.5484375 0.921875
0 0.55625 0.765625 0.584375 0.765625 0.584375 0.821875 0.55625 0.821875
0 0.5546875 0.3734375 0.5859375 0.3734375 0.5859375 0.4125 0.5546875 0.4125
0 0.4796875 0.19375 0.584375 0.19375 0.584375 0.296875 0.4796875 0.296875
0 0.484375 0 0.5328125 0 0.5328125 0.03125 0.484375 0.03125
0 0.3640625 0.6546875 0.41875 0.6546875 0.41875 0.715625 0.3640625 0.715625
0 0.3546875 0.9453125 0.4 0.9453125 0.4 0.990625 0.3546875 0.990625
0 0.24375 0.6171875 0.275 0.6171875 0.275 0.6765625 0.24375 0.6765625
1 0.7375 0.0015625 0.9953125 0.0015625 0.9953125 0.9828125 0.7375 0.9828125
1 0.265625 0.0140625 0.48125 0.0140625 0.48125 0.640625 0.265625 0.640625
1 0.4078125 0.6859375 0.5484375 0.6859375 0.5484375 0.984375 0.4078125 0.984375