0 0.4796875 0.19375 0.58125 0.19375 0.58125 0.30625 0.4796875 0.30625
0 0.5578125 0.353125 0.5875 0.353125 0.5875 0.41875 0.5578125 0.41875
0 0.653125 0.065625 0.7234375 0.065625 0.7234375 0.2140625 0.653125 0.2140625
0 0.65625 0.209375 0.7125 0.209375 0.7125 0.2859375 0.65625 0.2859375
0 0.653125 0.3 0.75625 0.3 0.75625 0.5828125 0.653125 0.5828125
0 0.659375 0.6046875 0.7609375 0.6046875 0.7609375 0.809375 0.659375 0.809375
0 0.6625 0.815625 0.7375 0.815625 0.7375 0.9890625 0.6625 0.9890625
0 0.5484375 0.865625 0.5859375 0.865625 0.5859375 0.9171875 0.5484375 0.9171875
0 0.55625 0.75 0.5828125 0.75 0.5828125 0.8109375 0.55625 0.8109375
0 0.34375 0.934375 0.4046875 0.934375 0.4046875 0.99375 0.34375 0.99375
0 0.371875 0.6390625 0.425 0.6390625 0.425 0.7171875 0.371875 0.7171875
0 0.2375 0.609375 0.2734375 0.609375 0.2734375 0.665625 0.2375 0.665625
1 0.753125 0.0078125 0.9875 0.0078125 0.9875 0.9765625 0.753125 0.9765625
1 0.265625 0.015625 0.4203125 0.015625 0.4203125 0.2578125 0.265625 0.2578125
0 0.4890625 0 0.5390625 0 0.5390625 0.03125 0.4890625 0.03125
0 0.415625 0.353125 0.5921875 0.353125 0.5921875 0.7578125 0.415625 0.7578125