0 0.675 0.071875 0.759375 0.071875 0.759375 0.1921875 0.675 0.1921875
0 0.696875 0.2140625 0.7671875 0.2140625 0.7671875 0.3015625 0.696875 0.3015625
0 0.690625 0.3171875 0.7984375 0.3171875 0.7984375 0.5875 0.690625 0.5875
0 0.6921875 0.621875 0.80625 0.621875 0.80625 0.834375 0.6921875 0.834375
0 0.6984375 0.846875 0.7671875 0.846875 0.7671875 1 0.6984375 1
0 0.5796875 0.9078125 0.621875 0.9078125 0.621875 0.959375 0.5796875 0.959375
0 0.5890625 0.790625 0.61875 0.790625 0.61875 0.8515625 0.5890625 0.8515625
0 0.5859375 0.375 0.6203125 0.375 0.6203125 0.415625 0.5859375 0.415625
0 0.5078125 0.184375 0.61875 0.184375 0.61875 0.29375 0.5078125 0.29375
0 0.509375 0 0.5609375 0 0.5609375 0.0109375 0.509375 0.0109375
0 0.384375 0.6734375 0.4421875 0.6734375 0.4421875 0.7390625 0.384375 0.7390625
0 0.371875 0.9828125 0.4203125 0.9828125 0.4203125 1 0.371875 1
0 0.25625 0.634375 0.2890625 0.634375 0.2890625 0.6984375 0.25625 0.6984375
1 0.778125 0 1 0 1 1 0.778125 1
1 0.278125 0 0.50625 0 0.50625 0.6578125 0.278125 0.6578125
1 0.428125 0.7078125 0.578125 0.7078125 0.578125 1 0.428125 1