0 0.6265625 0.05625 0.884375 0.05625 0.884375 0.33125 0.6265625 0.33125
0 0.2328125 0.059375 0.2734375 0.059375 0.2734375 0.1 0.2328125 0.1
0 0.159375 0.1421875 0.1921875 0.1421875 0.1921875 0.16875 0.159375 0.16875
0 0.2875 0.1890625 0.31875 0.1890625 0.31875 0.2171875 0.2875 0.2171875
0 0.328125 0.215625 0.371875 0.215625 0.371875 0.34375 0.328125 0.34375
0 0.4765625 0.659375 1 0.659375 1 0.921875 0.4765625 0.921875
0 0.1765625 0.890625 0.4796875 0.890625 0.4796875 0.940625 0.1765625 0.940625
1 0.4765625 0.459375 0.9984375 0.459375 0.9984375 0.653125 0.4765625 0.653125
1 0.6484375 0 0.9796875 0 0.9796875 0.10625 0.6484375 0.10625
1 0.1703125 0 0.4890625 0 0.4890625 0.059375 0.1703125 0.059375
1 0.3453125 0.0078125 0.4796875 0.0078125 0.4796875 0.3984375 0.3453125 0.3984375
0 0.15 0.23125 0.18125 0.23125 0.18125 0.2546875 0.15 0.2546875
0 0.2328125 0.2421875 0.275 0.2421875 0.275 0.3390625 0.2328125 0.3390625