0 0 0.634375 0.084375 0.634375 0.084375 0.7015625 0 0.7015625
0 0.090625 0.5375 0.2765625 0.5375 0.2765625 0.70625 0.090625 0.70625
0 0.4328125 0.6765625 0.465625 0.6765625 0.465625 0.70625 0.4328125 0.70625
0 0.453125 0.459375 0.490625 0.459375 0.490625 0.5109375 0.453125 0.5109375
0 0.5453125 0.684375 0.625 0.684375 0.625 0.71875 0.5453125 0.71875
0 0.690625 0.7 0.7328125 0.7 0.7328125 0.753125 0.690625 0.753125
0 0.725 0.509375 0.7484375 0.509375 0.7484375 0.5515625 0.725 0.5515625
0 0.296875 0.3328125 0.3921875 0.3328125 0.3921875 0.396875 0.296875 0.396875
0 0.6953125 0.31875 0.809375 0.31875 0.809375 0.4125 0.6953125 0.4125
0 0.825 0.3453125 1 0.3453125 1 0.478125 0.825 0.478125
0 0.7578125 0.559375 1 0.559375 1 0.7890625 0.7578125 0.7890625