0 0.6484375 0.0765625 0.7296875 0.0765625 0.7296875 0.1921875 0.6484375 0.1921875
0 0.66875 0.2125 0.7359375 0.2125 0.7359375 0.296875 0.66875 0.296875
0 0.6625 0.3109375 0.765625 0.3109375 0.765625 0.5703125 0.6625 0.5703125
0 0.665625 0.6015625 0.7734375 0.6015625 0.7734375 0.8046875 0.665625 0.8046875
0 0.6703125 0.81875 0.7359375 0.81875 0.7359375 0.990625 0.6703125 0.990625
0 0.5578125 0.875 0.596875 0.875 0.596875 0.9234375 0.5578125 0.9234375
0 0.565625 0.7640625 0.59375 0.7640625 0.59375 0.821875 0.565625 0.821875
0 0.5640625 0.365625 0.5953125 0.365625 0.5953125 0.40625 0.5640625 0.40625
0 0.4875 0.184375 0.59375 0.184375 0.59375 0.2890625 0.4875 0.2890625
0 0.490625 0 0.5390625 0 0.5390625 0.01875 0.490625 0.01875
0 0.3703125 0.6515625 0.425 0.6515625 0.425 0.7140625 0.3703125 0.7140625
0 0.359375 0.946875 0.40625 0.946875 0.40625 0.99375 0.359375 0.99375
0 0.246875 0.6140625 0.2796875 0.6140625 0.2796875 0.675 0.246875 0.675
1 0.746875 0 1 0 1 0.9859375 0.746875 0.9859375
1 0.2703125 0 0.4890625 0 0.4890625 0.6375 0.2703125 0.6375
1 0.4140625 0.684375 0.55625 0.684375 0.55625 0.9875 0.4140625 0.9875