0 0.3953125 0.3046875 0.428125 0.3046875 0.428125 0.3953125 0.3953125 0.3953125
0 0.484375 0.315625 0.5359375 0.315625 0.5359375 0.40625 0.484375 0.40625
0 0.5546875 0.3515625 0.603125 0.3515625 0.603125 0.4328125 0.5546875 0.4328125
0 0.6453125 0.3640625 0.684375 0.3640625 0.684375 0.4421875 0.6453125 0.4421875
0 0.55 0.1953125 0.6015625 0.1953125 0.6015625 0.3 0.55 0.3
0 0.6328125 0.2265625 0.6859375 0.2265625 0.6859375 0.31875 0.6328125 0.31875
0 0.715625 0.1890625 0.778125 0.1890625 0.778125 0.290625 0.715625 0.290625
0 0.553125 0.025 0.7234375 0.025 0.7234375 0.175 0.553125 0.175
0 0.353125 0.0828125 0.4375 0.0828125 0.4375 0.1734375 0.353125 0.1734375
1 0.44375 0.0640625 0.54375 0.0640625 0.54375 0.2375 0.44375 0.2375
1 0.19375 0 0.340625 0 0.340625 0.2140625 0.19375 0.2140625
1 0.3421875 0 0.7765625 0 0.7765625 0.0515625 0.3421875 0.0515625
0 0.4796875 0.6171875 0.6328125 0.6171875 0.6328125 0.7 0.4796875 0.7