0 0.234375 0.8984375 0.3484375 0.8984375 0.3484375 1 0.234375 1
0 0.471875 0.909375 0.5265625 0.909375 0.5265625 0.9609375 0.471875 0.9609375
0 0.0796875 0.465625 0.1625 0.465625 0.1625 0.60625 0.0796875 0.60625
0 0.1734375 0.4703125 0.2484375 0.4703125 0.2484375 0.6171875 0.1734375 0.6171875
0 0.2484375 0.38125 0.3359375 0.38125 0.3359375 0.603125 0.2484375 0.603125
0 0.34375 0.478125 0.4046875 0.478125 0.4046875 0.596875 0.34375 0.596875
0 0.4140625 0.471875 0.4796875 0.471875 0.4796875 0.609375 0.4140625 0.609375
0 0.48125 0.475 0.546875 0.475 0.546875 0.60625 0.48125 0.60625
0 0.5546875 0.36875 0.6078125 0.36875 0.6078125 0.5984375 0.5546875 0.5984375
0 0.6109375 0.4828125 0.6609375 0.4828125 0.6609375 0.590625 0.6109375 0.590625
0 0.6671875 0.4765625 0.7078125 0.4765625 0.7078125 0.5921875 0.6671875 0.5921875
0 0.7 0.3921875 0.7546875 0.3921875 0.7546875 0.715625 0.7 0.715625
0 0.7703125 0.5 0.8109375 0.5 0.8109375 0.6015625 0.7703125 0.6015625
0 0.8140625 0.5015625 0.853125 0.5015625 0.853125 0.5890625 0.8140625 0.5890625
0 0.85 0.503125 0.8890625 0.503125 0.8890625 0.5953125 0.85 0.5953125
0 0.89375 0.5046875 0.9296875 0.5046875 0.9296875 0.590625 0.89375 0.590625
0 0.965625 0.5015625 1 0.5015625 1 0.59375 0.965625 0.59375
1 0 0 0.659375 0 0.659375 0.2265625 0 0.2265625