0 0.496875 0.1765625 0.6015625 0.1765625 0.6015625 0.29375 0.496875 0.29375
0 0.578125 0.3421875 0.6078125 0.3421875 0.6078125 0.409375 0.578125 0.409375
0 0.6765625 0.04375 0.75 0.04375 0.75 0.1984375 0.6765625 0.1984375
0 0.6796875 0.1921875 0.7375 0.1921875 0.7375 0.271875 0.6796875 0.271875
0 0.6765625 0.2875 0.7828125 0.2875 0.7828125 0.58125 0.6765625 0.58125
0 0.6828125 0.603125 0.7875 0.603125 0.7875 0.815625 0.6828125 0.815625
0 0.6859375 0.8234375 0.7640625 0.8234375 0.7640625 1 0.6859375 1
0 0.56875 0.8734375 0.6078125 0.8734375 0.6078125 0.928125 0.56875 0.928125
0 0.575 0.7546875 0.603125 0.7546875 0.603125 0.81875 0.575 0.81875
0 0.353125 0.9453125 0.4171875 0.9453125 0.4171875 1 0.353125 1
0 0.384375 0.640625 0.440625 0.640625 0.440625 0.721875 0.384375 0.721875
0 0.2453125 0.6078125 0.2828125 0.6078125 0.2828125 0.6671875 0.2453125 0.6671875
1 0.778125 0 1 0 1 0.990625 0.778125 0.990625
1 0.2734375 0 0.434375 0 0.434375 0.24375 0.2734375 0.24375
0 0.5046875 0 0.55625 0 0.55625 0.0078125 0.5046875 0.0078125
0 0.4296875 0.3421875 0.6140625 0.3421875 0.6140625 0.7625 0.4296875 0.7625