0 0 0.7515625 0.0140625 0.7515625 0.0140625 0.90625 0 0.90625
0 0 0.50625 0.0671875 0.50625 0.0671875 0.628125 0 0.628125
0 0 0.090625 0.0578125 0.090625 0.0578125 0.203125 0 0.203125
0 0.0625 0.203125 0.090625 0.203125 0.090625 0.246875 0.0625 0.246875
0 0.1765625 0.3078125 0.2578125 0.3078125 0.2578125 0.35625 0.1765625 0.35625
0 0.284375 0.165625 0.3796875 0.165625 0.3796875 0.2328125 0.284375 0.2328125
0 0.453125 0.175 0.559375 0.175 0.559375 0.2609375 0.453125 0.2609375
0 0.5734375 0.2390625 0.6125 0.2390625 0.6125 0.2953125 0.5734375 0.2953125
0 0.4546875 0.303125 0.509375 0.303125 0.509375 0.378125 0.4546875 0.378125
0 0.5140625 0.303125 0.63125 0.303125 0.63125 0.3609375 0.5140625 0.3609375
0 0.4625 0.4515625 0.5109375 0.4515625 0.5109375 0.5171875 0.4625 0.5171875
0 0.63125 0.3203125 0.7703125 0.3203125 0.7703125 0.3890625 0.63125 0.3890625
0 0.5203125 0.5375 0.61875 0.5375 0.61875 0.5796875 0.5203125 0.5796875
0 0.61875 0.465625 0.7625 0.465625 0.7625 0.5703125 0.61875 0.5703125
0 0.9 0.3484375 0.9703125 0.3484375 0.9703125 0.40625 0.9 0.40625
0 0.7765625 0.3578125 0.8078125 0.3578125 0.8078125 0.4015625 0.7765625 0.4015625
0 0.784375 0.325 0.840625 0.325 0.840625 0.3578125 0.784375 0.3578125