0 0.096875 0.0421875 0.2453125 0.0421875 0.2453125 0.196875 0.096875 0.196875
0 0.2484375 0.084375 0.35 0.084375 0.35 0.146875 0.2484375 0.146875
0 0.2546875 0 0.3046875 0 0.3046875 0.0578125 0.2546875 0.0578125
0 0.3453125 0.071875 0.43125 0.071875 0.43125 0.1421875 0.3453125 0.1421875
0 0.4671875 0.0796875 0.5203125 0.0796875 0.5203125 0.1359375 0.4671875 0.1359375
0 0.36875 0.1765625 0.4953125 0.1765625 0.4953125 0.2359375 0.36875 0.2359375
0 0.575 0.2125 0.7421875 0.2125 0.7421875 0.3453125 0.575 0.3453125
0 0.671875 0.36875 0.759375 0.36875 0.759375 0.44375 0.671875 0.44375
0 0.7796875 0.35625 0.9015625 0.35625 0.9015625 0.4703125 0.7796875 0.4703125
0 0.75625 0.4765625 0.80625 0.4765625 0.80625 0.525 0.75625 0.525
0 0.828125 0.4859375 0.9078125 0.4859375 0.9078125 0.590625 0.828125 0.590625
0 0.9515625 0.3828125 1 0.3828125 1 0.459375 0.9515625 0.459375
0 0.915625 0.640625 0.9859375 0.640625 0.9859375 0.8140625 0.915625 0.8140625
0 0.6453125 0.509375 0.7203125 0.509375 0.7203125 0.6 0.6453125 0.6
0 0.6390625 0.596875 0.7171875 0.596875 0.7171875 0.703125 0.6390625 0.703125
0 0.675 0.6953125 0.7234375 0.6953125 0.7234375 0.74375 0.675 0.74375
0 0.49375 0.6828125 0.5625 0.6828125 0.5625 0.7671875 0.49375 0.7671875
0 0.40625 0.3703125 0.603125 0.3703125 0.603125 0.5046875 0.40625 0.5046875
0 0.15625 0.440625 0.246875 0.440625 0.246875 0.5265625 0.15625 0.5265625
0 0 0.478125 0.0578125 0.478125 0.0578125 0.584375 0 0.584375
0 0.0765625 0.6734375 0.159375 0.6734375 0.159375 0.7609375 0.0765625 0.7609375
0 0.4140625 0.840625 0.4640625 0.840625 0.4640625 0.890625 0.4140625 0.890625
0 0.38125 0.9453125 0.415625 0.9453125 0.415625 0.9765625 0.38125 0.9765625
1 0.5546875 0 1 0 1 0.1875 0.5546875 0.1875
1 0.7828125 0.2015625 1 0.2015625 1 0.340625 0.7828125 0.340625
1 0.5 0.8625 0.665625 0.8625 0.665625 0.978125 0.5 0.978125
1 0.21875 0.2546875 0.365625 0.2546875 0.365625 0.415625 0.21875 0.415625
1 0.2890625 0.1796875 0.3671875 0.1796875 0.3671875 0.2515625 0.2890625 0.2515625
1 0.365625 0 0.4828125 0 0.4828125 0.0734375 0.365625 0.0734375
1 0.0171875 0 0.1609375 0 0.1609375 0.025 0.0171875 0.025
1 0.2125 0.571875 0.3390625 0.571875 0.3390625 0.71875 0.2125 0.71875
1 0.078125 0.4359375 0.1390625 0.4359375 0.1390625 0.6296875 0.078125 0.6296875