0 0.021875 0.3609375 0.1 0.3609375 0.1 0.409375 0.021875 0.409375
0 0.1109375 0.525 0.1546875 0.525 0.1546875 0.6390625 0.1109375 0.6390625
0 0.2125 0.65 0.3171875 0.65 0.3171875 0.709375 0.2125 0.709375
0 0.2921875 0.7671875 0.39375 0.7671875 0.39375 0.8421875 0.2921875 0.8421875
0 0.553125 0.7875 1 0.7875 1 0.884375 0.553125 0.884375
0 0.30625 0.53125 0.3984375 0.53125 0.3984375 0.64375 0.30625 0.64375
0 0.45625 0.6328125 0.6015625 0.6328125 0.6015625 0.703125 0.45625 0.703125
0 0.5703125 0.4859375 0.653125 0.4859375 0.653125 0.65 0.5703125 0.65
0 0.7046875 0.4875 0.8796875 0.4875 0.8796875 0.6109375 0.7046875 0.6109375
0 0.775 0.1953125 1 0.1953125 1 0.5390625 0.775 0.5390625
0 0.6515625 0.2953125 0.7625 0.2953125 0.7625 0.409375 0.6515625 0.409375
0 0.3484375 0.296875 0.5203125 0.296875 0.5203125 0.4 0.3484375 0.4
0 0.2125 0.340625 0.3203125 0.340625 0.3203125 0.40625 0.2125 0.40625