0 0.1125 0.5421875 0.196875 0.5421875 0.196875 0.6703125 0.1125 0.6703125
0 0.10625 0.2078125 0.1671875 0.2078125 0.1671875 0.290625 0.10625 0.290625
0 0.2578125 0.2515625 0.315625 0.2515625 0.315625 0.31875 0.2578125 0.31875
0 0.3 0.303125 0.353125 0.303125 0.353125 0.3765625 0.3 0.3765625
0 0.3265625 0.45 0.35625 0.45 0.35625 0.5046875 0.3265625 0.5046875
0 0.5734375 0.534375 0.61875 0.534375 0.61875 0.6375 0.5734375 0.6375
0 0.634375 0.55625 0.665625 0.55625 0.665625 0.6203125 0.634375 0.6203125
0 0.79375 0.73125 0.8171875 0.73125 0.8171875 0.7640625 0.79375 0.7640625
0 0.671875 0.2578125 0.7125 0.2578125 0.7125 0.35 0.671875 0.35
0 0.5203125 0.31875 0.5515625 0.31875 0.5515625 0.371875 0.5203125 0.371875
0 0.5296875 0.2390625 0.5640625 0.2390625 0.5640625 0.284375 0.5296875 0.284375
1 0 0 0.159375 0 0.159375 0.5 0 0.5
1 0.1609375 0 0.278125 0 0.278125 0.2296875 0.1609375 0.2296875
1 0.2921875 0 0.5296875 0 0.5296875 0.4953125 0.2921875 0.4953125
1 0.571875 0.34375 0.6515625 0.34375 0.6515625 0.5171875 0.571875 0.5171875
1 0.54375 0.121875 0.6328125 0.121875 0.6328125 0.29375 0.54375 0.29375
1 0.5484375 0 0.7375 0 0.7375 0.1546875 0.5484375 0.1546875