0 0 0.4703125 0.1234375 0.4703125 0.1234375 0.5984375 0 0.5984375
0 0.1734375 0.5390625 0.55625 0.5390625 0.55625 0.7203125 0.1734375 0.7203125
0 0.575 0.5984375 0.934375 0.5984375 0.934375 0.7828125 0.575 0.7828125
0 0.9390625 0.690625 0.996875 0.690625 0.996875 0.7609375 0.9390625 0.7609375
0 0.7390625 0.4515625 0.790625 0.4515625 0.790625 0.4953125 0.7390625 0.4953125
0 0.8171875 0.4625 0.8640625 0.4625 0.8640625 0.4921875 0.8171875 0.4921875
0 0.44375 0.44375 0.5265625 0.44375 0.5265625 0.5015625 0.44375 0.5015625
0 0.1875 0.4359375 0.2171875 0.4359375 0.2171875 0.4625 0.1875 0.4625
0 0.2484375 0.434375 0.2640625 0.434375 0.2640625 0.4515625 0.2484375 0.4515625
1 0.590625 0.4140625 0.7234375 0.4140625 0.7234375 0.5296875 0.590625 0.5296875
1 0.0140625 0.084375 0.428125 0.084375 0.428125 0.3984375 0.0140625 0.3984375
1 0 0.365625 0.0671875 0.365625 0.0671875 0.4390625 0 0.4390625