0 0.0046875 0.8421875 0.053125 0.8421875 0.053125 0.8703125 0.0046875 0.8703125
0 0.078125 0.8109375 0.10625 0.8109375 0.10625 0.84375 0.078125 0.84375
0 0.165625 0.7765625 0.221875 0.7765625 0.221875 0.8265625 0.165625 0.8265625
0 0.253125 0.7546875 0.3015625 0.7546875 0.3015625 0.790625 0.253125 0.790625
0 0.334375 0.771875 0.3921875 0.771875 0.3921875 0.8171875 0.334375 0.8171875
0 0.4171875 0.7890625 0.4828125 0.7890625 0.4828125 0.83125 0.4171875 0.83125
0 0.4875 0.915625 0.7015625 0.915625 0.7015625 0.9609375 0.4875 0.9609375
0 0.7140625 0.8765625 0.790625 0.8765625 0.790625 0.925 0.7140625 0.925
0 0.9484375 0.7265625 0.996875 0.7265625 0.996875 0.7609375 0.9484375 0.7609375
0 0.709375 0.75625 0.7359375 0.75625 0.7359375 0.7703125 0.709375 0.7703125
1 0.43125 0.3125 0.7453125 0.3125 0.7453125 0.528125 0.43125 0.528125
1 0.2671875 0.6359375 0.453125 0.6359375 0.453125 0.765625 0.2671875 0.765625
1 0.296875 0.3515625 0.415625 0.3515625 0.415625 0.56875 0.296875 0.56875
1 0.05625 0.409375 0.1421875 0.409375 0.1421875 0.5 0.05625 0.5