0 0.5609375 0.33125 0.70625 0.33125 0.70625 0.375 0.5609375 0.375
0 0.571875 0.875 0.846875 0.875 0.846875 1 0.571875 1
0 0.009375 0.5984375 0.109375 0.5984375 0.109375 0.7453125 0.009375 0.7453125
0 0.090625 0.7296875 0.234375 0.7296875 0.234375 0.94375 0.090625 0.94375
1 0.6328125 0.703125 0.7453125 0.703125 0.7453125 0.81875 0.6328125 0.81875
1 0.5421875 0.5640625 0.6484375 0.5640625 0.6484375 0.6265625 0.5421875 0.6265625
1 0.6 0.646875 0.7 0.646875 0.7 0.709375 0.6 0.709375
1 0.6984375 0.3578125 0.9578125 0.3578125 0.9578125 0.725 0.6984375 0.725
1 0.0125 0.35 0.3546875 0.35 0.3546875 0.5578125 0.0125 0.5578125
1 0.340625 0 0.5609375 0 0.5609375 0.484375 0.340625 0.484375
1 0.5796875 0 0.9859375 0 0.9859375 0.3390625 0.5796875 0.3390625