0 0.0609375 0.175 0.3203125 0.175 0.3203125 0.70625 0.0609375 0.70625
0 0.3265625 0.3125 0.4203125 0.3125 0.4203125 0.715625 0.3265625 0.715625
0 0.4359375 0.534375 0.534375 0.534375 0.534375 0.7921875 0.4359375 0.7921875
0 0.5296875 0.3359375 0.5671875 0.3359375 0.5671875 0.478125 0.5296875 0.478125
0 0.584375 0.38125 0.6328125 0.38125 0.6328125 0.565625 0.584375 0.565625
0 0.634375 0.4125 0.6671875 0.4125 0.6671875 0.559375 0.634375 0.559375
0 0.7609375 0.38125 0.8421875 0.38125 0.8421875 0.5796875 0.7609375 0.5796875
0 0.8359375 0.36875 0.9484375 0.36875 0.9484375 0.56875 0.8359375 0.56875
1 0.8234375 0.0765625 0.9640625 0.0765625 0.9640625 0.3453125 0.8234375 0.3453125
1 0.559375 0.01875 0.6875 0.01875 0.6875 0.2390625 0.559375 0.2390625
1 0.0859375 0 0.3390625 0 0.3390625 0.15625 0.0859375 0.15625
1 0.409375 0 0.525 0 0.525 0.2140625 0.409375 0.2140625