0 0 0.878125 0.0375 0.878125 0.0375 0.9078125 0 0.9078125
0 0.065625 0.846875 0.0953125 0.846875 0.0953125 0.88125 0.065625 0.88125
0 0.1578125 0.809375 0.2171875 0.809375 0.2171875 0.8625 0.1578125 0.8625
0 0.2484375 0.7875 0.3 0.7875 0.3 0.825 0.2484375 0.825
0 0.334375 0.8046875 0.3953125 0.8046875 0.3953125 0.8515625 0.334375 0.8515625
0 0.421875 0.821875 0.490625 0.821875 0.490625 0.8671875 0.421875 0.8671875
0 0.4921875 0.953125 0.7171875 0.953125 0.7171875 1 0.4921875 1
0 0.73125 0.9140625 0.8125 0.9140625 0.8125 0.965625 0.73125 0.965625
0 0.978125 0.75625 1 0.75625 1 0.7921875 0.978125 0.7921875
0 0.728125 0.7890625 0.75625 0.7890625 0.75625 0.803125 0.728125 0.803125
1 0.4359375 0.321875 0.765625 0.321875 0.765625 0.5484375 0.4359375 0.5484375
1 0.2640625 0.6625 0.459375 0.6625 0.459375 0.7984375 0.2640625 0.7984375
1 0.2953125 0.3640625 0.41875 0.3640625 0.41875 0.5921875 0.2953125 0.5921875
1 0.0421875 0.425 0.13125 0.425 0.13125 0.5203125 0.0421875 0.5203125