0 0.0109375 0.51875 0.2265625 0.51875 0.2265625 0.690625 0.0109375 0.690625
0 0.25625 0.484375 0.38125 0.484375 0.38125 0.5984375 0.25625 0.5984375
0 0.2890625 0.7171875 0.3859375 0.7171875 0.3859375 0.8171875 0.2890625 0.8171875
0 0.40625 0.8078125 0.45625 0.8078125 0.45625 0.8765625 0.40625 0.8765625
0 0.5203125 0.7359375 0.5640625 0.7359375 0.5640625 0.81875 0.5203125 0.81875
0 0.584375 0.6296875 0.6859375 0.6296875 0.6859375 0.7578125 0.584375 0.7578125
0 0.7234375 0.6359375 0.796875 0.6359375 0.796875 0.68125 0.7234375 0.68125
0 0.8453125 0.6171875 0.88125 0.6171875 0.88125 0.6734375 0.8453125 0.6734375
1 0.503125 0.071875 0.71875 0.071875 0.71875 0.55625 0.503125 0.55625
1 0.1859375 0.3125 0.290625 0.3125 0.290625 0.65 0.1859375 0.65
1 0.3640625 0.34375 0.46875 0.34375 0.46875 0.60625 0.3640625 0.60625