0 0 0.7375 0.1515625 0.7375 0.1515625 0.853125 0 0.853125
0 0.15 0.4609375 0.2515625 0.4609375 0.2515625 0.571875 0.15 0.571875
0 0.4703125 0.5984375 0.5640625 0.5984375 0.5640625 0.7484375 0.4703125 0.7484375
0 0.3625 0.725 0.40625 0.725 0.40625 0.7828125 0.3625 0.7828125
0 0.6484375 0.75625 0.7140625 0.75625 0.7140625 0.8203125 0.6484375 0.8203125
0 0.2875 0.3765625 0.328125 0.3765625 0.328125 0.4328125 0.2875 0.4328125
1 0 0 0.2765625 0 0.2765625 0.3390625 0 0.3390625
1 0 0.353125 0.146875 0.353125 0.146875 0.6921875 0 0.6921875
1 0.153125 0.575 0.36875 0.575 0.36875 0.86875 0.153125 0.86875
1 0.2703125 0 0.646875 0 0.646875 0.359375 0.2703125 0.359375
1 0.34375 0.371875 0.6640625 0.371875 0.6640625 0.759375 0.34375 0.759375
1 0.68125 0.5140625 0.85625 0.5140625 0.85625 0.8 0.68125 0.8