0 0.15625 0.5125 0.240625 0.5125 0.240625 0.6390625 0.15625 0.6390625
0 0.15 0.1765625 0.2125 0.1765625 0.2125 0.259375 0.15 0.259375
0 0.3015625 0.2203125 0.3609375 0.2203125 0.3609375 0.2875 0.3015625 0.2875
0 0.3453125 0.271875 0.3984375 0.271875 0.3984375 0.346875 0.3453125 0.346875
0 0.371875 0.41875 0.4 0.41875 0.4 0.4734375 0.371875 0.4734375
0 0.61875 0.503125 0.6625 0.503125 0.6625 0.60625 0.61875 0.60625
0 0.6796875 0.5265625 0.7109375 0.5265625 0.7109375 0.5890625 0.6796875 0.5890625
0 0.8390625 0.7 0.8625 0.7 0.8625 0.7328125 0.8390625 0.7328125
0 0.7171875 0.228125 0.7578125 0.228125 0.7578125 0.31875 0.7171875 0.31875
0 0.5640625 0.2875 0.5953125 0.2875 0.5953125 0.340625 0.5640625 0.340625
0 0.575 0.209375 0.609375 0.209375 0.609375 0.253125 0.575 0.253125
1 0 0 0.2046875 0 0.2046875 0.46875 0 0.46875
1 0.20625 0 0.3234375 0 0.3234375 0.2 0.20625 0.2
1 0.3375 0 0.575 0 0.575 0.4640625 0.3375 0.4640625
1 0.615625 0.3125 0.696875 0.3125 0.696875 0.4859375 0.615625 0.4859375
1 0.5890625 0.090625 0.678125 0.090625 0.678125 0.2625 0.5890625 0.2625
1 0.59375 0 0.7828125 0 0.7828125 0.1234375 0.59375 0.1234375