0 0.1109375 0.284375 0.203125 0.284375 0.203125 0.390625 0.1109375 0.390625
0 0.29375 0.3421875 0.3671875 0.3421875 0.3671875 0.39375 0.29375 0.39375
0 0.4046875 0.3421875 0.4765625 0.3421875 0.4765625 0.3890625 0.4046875 0.3890625
0 0.24375 0.290625 0.2640625 0.290625 0.2640625 0.309375 0.24375 0.309375
0 0.5484375 0.4 0.603125 0.4 0.603125 0.4515625 0.5484375 0.4515625
0 0.6734375 0.3734375 0.753125 0.3734375 0.753125 0.440625 0.6734375 0.440625
0 0.1671875 0.69375 0.21875 0.69375 0.21875 0.8125 0.1671875 0.8125
0 0.228125 0.725 0.3359375 0.725 0.3359375 0.8328125 0.228125 0.8328125
0 0.3328125 0.7796875 0.4421875 0.7796875 0.4421875 0.903125 0.3328125 0.903125
0 0.6546875 0.671875 0.73125 0.671875 0.73125 0.809375 0.6546875 0.809375
0 0.7640625 0.6859375 0.959375 0.6859375 0.959375 0.85 0.7640625 0.85
0 0.965625 0.759375 1 0.759375 1 0.85625 0.965625 0.85625
1 0.1484375 0 0.51875 0 0.51875 0.2921875 0.1484375 0.2921875
1 0.5453125 0 1 0 1 0.359375 0.5453125 0.359375
1 0.775 0.5171875 0.9171875 0.5171875 0.9171875 0.653125 0.775 0.653125
1 0.91875 0.509375 0.9828125 0.509375 0.9828125 0.61875 0.91875 0.61875
1 0.978125 0.7109375 1 0.7109375 1 0.7546875 0.978125 0.7546875
1 0.565625 0.503125 0.7046875 0.503125 0.7046875 0.6640625 0.565625 0.6640625
1 0.1296875 0.5828125 0.1984375 0.5828125 0.1984375 0.715625 0.1296875 0.715625
1 0.2453125 0.621875 0.3515625 0.621875 0.3515625 0.69375 0.2453125 0.69375
1 0.346875 0.7421875 0.415625 0.7421875 0.415625 0.775 0.346875 0.775
1 0 0.51875 0.0578125 0.51875 0.0578125 0.7 0 0.7