0 0.05 0.7375 0.20625 0.7375 0.20625 0.8453125 0.05 0.8453125
0 0.2046875 0.48125 0.2984375 0.48125 0.2984375 0.584375 0.2046875 0.584375
0 0.5 0.6078125 0.5875 0.6078125 0.5875 0.746875 0.5 0.746875
0 0.4 0.7265625 0.440625 0.7265625 0.440625 0.7796875 0.4 0.7796875
0 0.665625 0.753125 0.7265625 0.753125 0.7265625 0.8125 0.665625 0.8125
0 0.33125 0.403125 0.36875 0.403125 0.36875 0.4546875 0.33125 0.4546875
1 0.0015625 0 0.321875 0 0.321875 0.36875 0.0015625 0.36875
1 0.0234375 0.38125 0.203125 0.38125 0.203125 0.6953125 0.0234375 0.6953125
1 0.2078125 0.5859375 0.4078125 0.5859375 0.4078125 0.8578125 0.2078125 0.8578125
1 0.3171875 0 0.665625 0 0.665625 0.3875 0.3171875 0.3875
1 0.384375 0.4 0.68125 0.4 0.68125 0.7578125 0.384375 0.7578125
1 0.6953125 0.53125 0.8578125 0.53125 0.8578125 0.7953125 0.6953125 0.7953125