0 0 0.4625 0.13125 0.4625 0.13125 0.5875 0 0.5875
0 0.18125 0.528125 0.5546875 0.528125 0.5546875 0.70625 0.18125 0.70625
0 0.5734375 0.5875 0.925 0.5875 0.925 0.7671875 0.5734375 0.7671875
0 0.9296875 0.6765625 0.9859375 0.6765625 0.9859375 0.7453125 0.9296875 0.7453125
0 0.734375 0.44375 0.7859375 0.44375 0.7859375 0.4859375 0.734375 0.4859375
0 0.8109375 0.4546875 0.85625 0.4546875 0.85625 0.484375 0.8109375 0.484375
0 0.44375 0.4359375 0.525 0.4359375 0.525 0.4921875 0.44375 0.4921875
0 0.1953125 0.428125 0.2234375 0.428125 0.2234375 0.453125 0.1953125 0.453125
0 0.253125 0.4265625 0.26875 0.4265625 0.26875 0.44375 0.253125 0.44375
1 0.5890625 0.4078125 0.71875 0.4078125 0.71875 0.5203125 0.5890625 0.5203125
1 0.025 0.084375 0.4296875 0.084375 0.4296875 0.3921875 0.025 0.3921875
1 0.003125 0.359375 0.0765625 0.359375 0.0765625 0.43125 0.003125 0.43125