0 0.1328125 0.0125 0.2796875 0.0125 0.2796875 0.4453125 0.1328125 0.4453125
0 0.3171875 0.0421875 0.4421875 0.0421875 0.4421875 0.4703125 0.3171875 0.4703125
0 0.44375 0.253125 0.7203125 0.253125 0.7203125 0.4421875 0.44375 0.4421875
0 0.6609375 0.4046875 0.7515625 0.4046875 0.7515625 0.546875 0.6609375 0.546875
0 0.7828125 0.3640625 0.8296875 0.3640625 0.8296875 0.4671875 0.7828125 0.4671875
0 0.1453125 0.6359375 0.2203125 0.6359375 0.2203125 0.7125 0.1453125 0.7125
0 0.375 0.6515625 0.421875 0.6515625 0.421875 0.71875 0.375 0.71875
0 0.4328125 0.6359375 0.63125 0.6359375 0.63125 0.6921875 0.4328125 0.6921875
0 0.6453125 0.6375 0.6828125 0.6375 0.6828125 0.6953125 0.6453125 0.6953125
0 0.54375 0.4703125 0.640625 0.4703125 0.640625 0.5546875 0.54375 0.5546875
1 0.428125 0 0.7265625 0 0.7265625 0.228125 0.428125 0.228125
1 0.2390625 0 0.3484375 0 0.3484375 0.14375 0.2390625 0.14375