0 0.078125 0.5171875 0.2859375 0.5171875 0.2859375 0.58125 0.078125 0.58125
0 0.2921875 0.3734375 0.54375 0.3734375 0.54375 0.5828125 0.2921875 0.5828125
0 0.54375 0.4109375 0.6453125 0.4109375 0.6453125 0.49375 0.54375 0.49375
0 0.0015625 0.4296875 0.0453125 0.4296875 0.0453125 0.590625 0.0015625 0.590625
0 0.053125 0.5578125 0.071875 0.5578125 0.071875 0.6359375 0.053125 0.6359375
0 0.009375 0.6078125 0.1140625 0.6078125 0.1140625 0.8171875 0.009375 0.8171875
1 0.015625 0.2375 0.240625 0.2375 0.240625 0.4625 0.015625 0.4625
1 0.24375 0.1375 0.390625 0.1375 0.390625 0.3359375 0.24375 0.3359375
1 0.525 0.0828125 0.665625 0.0828125 0.665625 0.2859375 0.525 0.2859375
0 0.178125 0.5828125 0.20625 0.5828125 0.20625 0.6609375 0.178125 0.6609375
0 0.26875 0.596875 0.2921875 0.596875 0.2921875 0.6484375 0.26875 0.6484375
0 0.3234375 0.596875 0.346875 0.596875 0.346875 0.628125 0.3234375 0.628125