0 0.20625 0.60625 0.3234375 0.60625 0.3234375 0.725 0.20625 0.725
0 0.075 0.6609375 0.1421875 0.6609375 0.1421875 0.7046875 0.075 0.7046875
0 0 0.5265625 0.096875 0.5265625 0.096875 0.584375 0 0.584375
0 0.1546875 0.5453125 0.2765625 0.5453125 0.2765625 0.5921875 0.1546875 0.5921875
0 0.346875 0.553125 0.3796875 0.553125 0.3796875 0.578125 0.346875 0.578125
0 0.40625 0.565625 0.4296875 0.565625 0.4296875 0.578125 0.40625 0.578125
0 0.6125 0.6515625 0.671875 0.6515625 0.671875 0.6921875 0.6125 0.6921875
0 0.821875 0.5578125 0.8671875 0.5578125 0.8671875 0.646875 0.821875 0.646875
1 0.50625 0.8 0.7390625 0.8 0.7390625 0.9203125 0.50625 0.9203125
1 0.1109375 0.93125 0.2125 0.93125 0.2125 1 0.1109375 1
1 0 0.86875 0.06875 0.86875 0.06875 0.9421875 0 0.9421875
1 0.0328125 0.2546875 0.1984375 0.2546875 0.1984375 0.496875 0.0328125 0.496875
1 0.50625 0.2796875 0.61875 0.2796875 0.61875 0.4609375 0.50625 0.4609375
1 0.509375 0.5484375 0.596875 0.5484375 0.596875 0.690625 0.509375 0.690625
1 0.71875 0.6578125 0.78125 0.6578125 0.78125 0.709375 0.71875 0.709375
1 0.0015625 0.01875 0.1390625 0.01875 0.1390625 0.1890625 0.0015625 0.1890625