0 0.1203125 0.04375 0.265625 0.04375 0.265625 0.471875 0.1203125 0.471875
0 0.3015625 0.0734375 0.4265625 0.0734375 0.4265625 0.496875 0.3015625 0.496875
0 0.428125 0.28125 0.7015625 0.28125 0.7015625 0.46875 0.428125 0.46875
0 0.6421875 0.43125 0.73125 0.43125 0.73125 0.571875 0.6421875 0.571875
0 0.7625 0.3921875 0.8109375 0.3921875 0.8109375 0.49375 0.7625 0.49375
0 0.1328125 0.6609375 0.2078125 0.6609375 0.2078125 0.7359375 0.1328125 0.7359375
0 0.359375 0.6765625 0.40625 0.6765625 0.40625 0.74375 0.359375 0.74375
0 0.4171875 0.6609375 0.6140625 0.6609375 0.6140625 0.7171875 0.4171875 0.7171875
0 0.628125 0.6625 0.665625 0.6625 0.665625 0.7203125 0.628125 0.7203125
0 0.528125 0.496875 0.621875 0.496875 0.621875 0.5796875 0.528125 0.5796875
1 0.4109375 0 0.7078125 0 0.7078125 0.25625 0.4109375 0.25625
1 0.2265625 0 0.334375 0 0.334375 0.1734375 0.2265625 0.1734375