0 0.0078125 0.2015625 0.1 0.2015625 0.1 0.3296875 0.0078125 0.3296875
0 0.2203125 0.3109375 0.265625 0.3109375 0.265625 0.3796875 0.2203125 0.3796875
0 0.2875 0.1046875 0.328125 0.1046875 0.328125 0.1671875 0.2875 0.1671875
0 0.334375 0.628125 0.4015625 0.628125 0.4015625 0.7140625 0.334375 0.7140625
0 0.546875 0.3859375 0.615625 0.3859375 0.615625 0.46875 0.546875 0.46875
0 0.640625 0.2453125 0.6640625 0.2453125 0.6640625 0.271875 0.640625 0.271875
0 0.5140625 0.23125 0.5671875 0.23125 0.5671875 0.3234375 0.5140625 0.3234375
0 0.709375 0.475 0.7546875 0.475 0.7546875 0.5625 0.709375 0.5625
0 0.78125 0.4109375 0.8421875 0.4109375 0.8421875 0.5109375 0.78125 0.5109375
0 0.8375 0.6265625 0.86875 0.6265625 0.86875 0.6890625 0.8375 0.6890625
0 0.8578125 0.7796875 0.915625 0.7796875 0.915625 0.8484375 0.8578125 0.8484375
0 0.9421875 0.36875 0.959375 0.36875 0.959375 0.4109375 0.9421875 0.4109375
0 0.946875 0.2921875 0.9796875 0.2921875 0.9796875 0.3515625 0.946875 0.3515625
0 0.7515625 0.9453125 0.8375 0.9453125 0.8375 1 0.7515625 1
0 0.6484375 0.959375 0.73125 0.959375 0.73125 1 0.6484375 1
0 0.4359375 0.98125 0.515625 0.98125 0.515625 1 0.4359375 1
0 0.19375 0.9765625 0.3140625 0.9765625 0.3140625 1 0.19375 1
0 0 0.9671875 0.0171875 0.9671875 0.0171875 1 0 1
1 0.93125 0.0421875 1 0.0421875 1 0.284375 0.93125 0.284375
1 0.825 0.1625 0.9359375 0.1625 0.9359375 0.44375 0.825 0.44375
1 0.675 0.00625 0.753125 0.00625 0.753125 0.325 0.675 0.325
1 0.615625 0.028125 0.6640625 0.028125 0.6640625 0.2328125 0.615625 0.2328125
1 0.5 0 0.5703125 0 0.5703125 0.23125 0.5 0.23125
1 0.340625 0.15625 0.4328125 0.15625 0.4328125 0.4015625 0.340625 0.4015625
1 0.203125 0 0.35625 0 0.35625 0.2921875 0.203125 0.2921875
1 0 0 0.128125 0 0.128125 0.2203125 0 0.2203125