0 0.04375 0.6640625 0.1140625 0.6640625 0.1140625 0.715625 0.04375 0.715625
0 0.16875 0.65625 0.3265625 0.65625 0.3265625 0.778125 0.16875 0.778125
0 0.346875 0.7375 0.43125 0.7375 0.43125 0.80625 0.346875 0.80625
0 0.4734375 0.7765625 0.5484375 0.7765625 0.5484375 0.846875 0.4734375 0.846875
0 0.5609375 0.8109375 0.61875 0.8109375 0.61875 0.8953125 0.5609375 0.8953125
0 0.6203125 0.890625 0.6796875 0.890625 0.6796875 0.9640625 0.6203125 0.9640625
0 0.4234375 0.93125 0.459375 0.93125 0.459375 0.95625 0.4234375 0.95625
1 0.365625 0.4484375 0.5875 0.4484375 0.5875 0.75 0.365625 0.75
1 0.60625 0.7375 0.7390625 0.7375 0.7390625 0.8125 0.60625 0.8125
1 0.765625 0.759375 0.8734375 0.759375 0.8734375 0.875 0.765625 0.875
1 0.0421875 0.0171875 0.4125 0.0171875 0.4125 0.625 0.0421875 0.625
1 0.45 0.0109375 0.6078125 0.0109375 0.6078125 0.2484375 0.45 0.2484375
1 0.6578125 0.028125 0.946875 0.028125 0.946875 0.2765625 0.6578125 0.2765625