0 0.0734375 0.390625 0.215625 0.390625 0.215625 0.59375 0.0734375 0.59375
0 0.078125 0.6828125 0.15625 0.6828125 0.15625 0.8125 0.078125 0.8125
0 0.3859375 0.2359375 0.5578125 0.2359375 0.5578125 0.459375 0.3859375 0.459375
0 0.553125 0.334375 0.671875 0.334375 0.671875 0.459375 0.553125 0.459375
0 0.68125 0.1765625 0.7609375 0.1765625 0.7609375 0.234375 0.68125 0.234375
0 0.7078125 0.3171875 0.8140625 0.3171875 0.8140625 0.4421875 0.7078125 0.4421875
0 0.821875 0.15 0.8921875 0.15 0.8921875 0.3328125 0.821875 0.3328125
0 0.9015625 0.1859375 0.9375 0.1859375 0.9375 0.3078125 0.9015625 0.3078125
0 0.1125 0 0.178125 0 0.178125 0.103125 0.1125 0.103125
0 0.059375 0 0.09375 0 0.09375 0.084375 0.059375 0.084375
0 0.1953125 0.0953125 0.2953125 0.0953125 0.2953125 0.371875 0.1953125 0.371875
0 0.2109375 0.3984375 0.2828125 0.3984375 0.2828125 0.7578125 0.2109375 0.7578125