0 0.1375 0.1296875 0.271875 0.1296875 0.271875 0.26875 0.1375 0.26875
0 0.2734375 0.16875 0.365625 0.16875 0.365625 0.225 0.2734375 0.225
0 0.278125 0.0875 0.3234375 0.0875 0.3234375 0.14375 0.278125 0.14375
0 0.3609375 0.15625 0.4375 0.15625 0.4375 0.2203125 0.3609375 0.2203125
0 0.471875 0.1640625 0.51875 0.1640625 0.51875 0.2140625 0.471875 0.2140625
0 0.38125 0.2515625 0.4953125 0.2515625 0.4953125 0.3046875 0.38125 0.3046875
0 0.56875 0.2828125 0.71875 0.2828125 0.71875 0.403125 0.56875 0.403125
0 0.6546875 0.4234375 0.734375 0.4234375 0.734375 0.490625 0.6546875 0.490625
0 0.7515625 0.4125 0.8609375 0.4125 0.8609375 0.515625 0.7515625 0.515625
0 0.73125 0.521875 0.7765625 0.521875 0.7765625 0.565625 0.73125 0.565625
0 0.7953125 0.5296875 0.8671875 0.5296875 0.8671875 0.6234375 0.7953125 0.6234375
0 0.90625 0.4375 0.95 0.4375 0.95 0.50625 0.90625 0.50625
0 0.875 0.66875 0.9375 0.66875 0.9375 0.825 0.875 0.825
0 0.63125 0.5515625 0.6984375 0.5515625 0.6984375 0.6328125 0.63125 0.6328125
0 0.625 0.6296875 0.6953125 0.6296875 0.6953125 0.725 0.625 0.725
0 0.6578125 0.71875 0.7015625 0.71875 0.7015625 0.7625 0.6578125 0.7625
0 0.4953125 0.7078125 0.55625 0.7078125 0.55625 0.7828125 0.4953125 0.7828125
0 0.415625 0.425 0.5921875 0.425 0.5921875 0.546875 0.415625 0.546875
0 0.190625 0.4890625 0.271875 0.4890625 0.271875 0.565625 0.190625 0.565625
0 0.0359375 0.521875 0.103125 0.521875 0.103125 0.6171875 0.0359375 0.6171875
0 0.11875 0.6984375 0.19375 0.6984375 0.19375 0.7765625 0.11875 0.7765625
0 0.421875 0.8484375 0.4671875 0.8484375 0.4671875 0.89375 0.421875 0.89375
0 0.39375 0.9421875 0.425 0.9421875 0.425 0.9703125 0.39375 0.9703125
1 0.55 0.0390625 0.9625 0.0390625 0.9625 0.2609375 0.55 0.2609375
1 0.75625 0.2734375 0.978125 0.2734375 0.978125 0.3984375 0.75625 0.3984375
1 0.5 0.86875 0.6484375 0.86875 0.6484375 0.971875 0.5 0.971875
1 0.246875 0.321875 0.3796875 0.321875 0.3796875 0.4671875 0.246875 0.4671875
1 0.3109375 0.253125 0.38125 0.253125 0.38125 0.31875 0.3109375 0.31875
1 0.38125 0.0296875 0.4859375 0.0296875 0.4859375 0.1578125 0.38125 0.1578125
1 0.065625 0.0328125 0.1953125 0.0328125 0.1953125 0.1140625 0.065625 0.1140625
1 0.240625 0.60625 0.3546875 0.60625 0.3546875 0.7390625 0.240625 0.7390625
1 0.1203125 0.484375 0.175 0.484375 0.175 0.659375 0.1203125 0.659375