0 0.0765625 0.0390625 0.2140625 0.0390625 0.2140625 0.4375 0.0765625 0.4375
0 0.2578125 0.034375 0.4015625 0.034375 0.4015625 0.4734375 0.2578125 0.4734375
0 0.384375 0.25 0.7203125 0.25 0.7203125 0.4453125 0.384375 0.4453125
0 0.740625 0.3703125 0.7890625 0.3703125 0.7890625 0.4828125 0.740625 0.4828125
0 0.6125 0.4515625 0.715625 0.4515625 0.715625 0.540625 0.6125 0.540625
0 0.4921875 0.4953125 0.5890625 0.4953125 0.5890625 0.5640625 0.4921875 0.5640625
0 0.4078125 0.659375 0.5640625 0.659375 0.5640625 0.690625 0.4078125 0.690625
0 0.6 0.6671875 0.6421875 0.6671875 0.6421875 0.6984375 0.6 0.6984375
0 0.3296875 0.678125 0.375 0.678125 0.375 0.725 0.3296875 0.725
0 0.1109375 0.6546875 0.165625 0.6546875 0.165625 0.71875 0.1109375 0.71875
1 0.2140625 0 0.653125 0 0.653125 0.075 0.2140625 0.075
1 0.428125 0.1046875 0.646875 0.1046875 0.646875 0.2203125 0.428125 0.2203125