0 0.3359375 0.2625 0.5609375 0.2625 0.5609375 0.5671875 0.3359375 0.5671875
0 0.234375 0.5265625 0.35625 0.5265625 0.35625 0.75 0.234375 0.75
0 0.240625 0.79375 0.6578125 0.79375 0.6578125 0.8859375 0.240625 0.8859375
0 0.5984375 0.2953125 0.684375 0.2953125 0.684375 0.39375 0.5984375 0.39375
0 0.6796875 0.5140625 0.7140625 0.5140625 0.7140625 0.565625 0.6796875 0.565625
0 0.6734375 0.56875 0.86875 0.56875 0.86875 0.8546875 0.6734375 0.8546875
0 0.60625 0.6640625 0.6640625 0.6640625 0.6640625 0.7140625 0.60625 0.7140625
0 0.459375 0.68125 0.53125 0.68125 0.53125 0.7375 0.459375 0.7375
0 0.5546875 0.7265625 0.578125 0.7265625 0.578125 0.7484375 0.5546875 0.7484375
0 0.159375 0.8578125 0.19375 0.8578125 0.19375 0.8890625 0.159375 0.8890625
1 0.575 0 0.9953125 0 0.9953125 0.5171875 0.575 0.5171875
1 0.228125 0.3375 0.346875 0.3375 0.346875 0.5078125 0.228125 0.5078125
1 0.8734375 0.571875 0.9828125 0.571875 0.9828125 0.78125 0.8734375 0.78125