0 0.0015625 0.3515625 0.0234375 0.3515625 0.0234375 0.3953125 0.0015625 0.3953125
0 0.1109375 0.353125 0.1328125 0.353125 0.1328125 0.3765625 0.1109375 0.3765625
0 0.15 0.359375 0.184375 0.359375 0.184375 0.3875 0.15 0.3875
0 0.2046875 0.3546875 0.2328125 0.3546875 0.2328125 0.3890625 0.2046875 0.3890625
0 0.25625 0.346875 0.2765625 0.346875 0.2765625 0.38125 0.25625 0.38125
0 0.3046875 0.35 0.3421875 0.35 0.3421875 0.3828125 0.3046875 0.3828125
0 0.3625 0.346875 0.3875 0.346875 0.3875 0.396875 0.3625 0.396875
0 0.4140625 0.3453125 0.440625 0.3453125 0.440625 0.3921875 0.4140625 0.3921875
0 0.471875 0.3359375 0.53125 0.3359375 0.53125 0.3875 0.471875 0.3875
0 0.534375 0.340625 0.5703125 0.340625 0.5703125 0.3796875 0.534375 0.3796875
0 0.5953125 0.340625 0.6390625 0.340625 0.6390625 0.3953125 0.5953125 0.3953125
0 0.665625 0.353125 0.6984375 0.353125 0.6984375 0.3875 0.665625 0.3875
0 0.7234375 0.3484375 0.7546875 0.3484375 0.7546875 0.3890625 0.7234375 0.3890625
0 0.775 0.3390625 0.8109375 0.3390625 0.8109375 0.396875 0.775 0.396875
0 0.834375 0.340625 0.8828125 0.340625 0.8828125 0.3984375 0.834375 0.3984375
0 0.9 0.3578125 0.9265625 0.3578125 0.9265625 0.3921875 0.9 0.3921875
0 0.9640625 0.353125 0.990625 0.353125 0.990625 0.3953125 0.9640625 0.3953125
0 0.828125 0.4625 0.915625 0.4625 0.915625 0.521875 0.828125 0.521875
0 0.41875 0.49375 0.534375 0.49375 0.534375 0.6 0.41875 0.6
0 0.0796875 0.4203125 0.259375 0.4203125 0.259375 0.5796875 0.0796875 0.5796875
1 0.73125 0.11875 0.878125 0.11875 0.878125 0.29375 0.73125 0.29375