0 0.1359375 0.1296875 0.2734375 0.1296875 0.2734375 0.26875 0.1359375 0.26875
0 0.2734375 0.16875 0.365625 0.16875 0.365625 0.225 0.2734375 0.225
0 0.278125 0.0875 0.3234375 0.0875 0.3234375 0.14375 0.278125 0.14375
0 0.3609375 0.15625 0.4375 0.15625 0.4375 0.221875 0.3609375 0.221875
0 0.4703125 0.1640625 0.51875 0.1640625 0.51875 0.215625 0.4703125 0.215625
0 0.38125 0.253125 0.4953125 0.253125 0.4953125 0.30625 0.38125 0.30625
0 0.5671875 0.2828125 0.71875 0.2828125 0.71875 0.403125 0.5671875 0.403125
0 0.6546875 0.4234375 0.734375 0.4234375 0.734375 0.490625 0.6546875 0.490625
0 0.7515625 0.4125 0.8625 0.4125 0.8625 0.515625 0.7515625 0.515625
0 0.7296875 0.5203125 0.775 0.5203125 0.775 0.5640625 0.7296875 0.5640625
0 0.796875 0.5296875 0.86875 0.5296875 0.86875 0.6234375 0.796875 0.6234375
0 0.90625 0.4359375 0.95 0.4359375 0.95 0.50625 0.90625 0.50625
0 0.875 0.66875 0.9375 0.66875 0.9375 0.825 0.875 0.825
0 0.63125 0.55 0.6984375 0.55 0.6984375 0.6328125 0.63125 0.6328125
0 0.625 0.628125 0.6953125 0.628125 0.6953125 0.725 0.625 0.725
0 0.6578125 0.71875 0.7015625 0.71875 0.7015625 0.7625 0.6578125 0.7625
0 0.4953125 0.7078125 0.55625 0.7078125 0.55625 0.7828125 0.4953125 0.7828125
0 0.4171875 0.425 0.59375 0.425 0.59375 0.5484375 0.4171875 0.5484375
0 0.1890625 0.4890625 0.271875 0.4890625 0.271875 0.565625 0.1890625 0.565625
0 0.0359375 0.521875 0.103125 0.521875 0.103125 0.61875 0.0359375 0.61875
0 0.11875 0.696875 0.1953125 0.696875 0.1953125 0.7765625 0.11875 0.7765625
0 0.421875 0.8484375 0.4671875 0.8484375 0.4671875 0.89375 0.421875 0.89375
0 0.39375 0.9421875 0.425 0.9421875 0.425 0.971875 0.39375 0.971875
1 0.55 0.0390625 0.9640625 0.0390625 0.9640625 0.2625 0.55 0.2625
1 0.75625 0.275 0.978125 0.275 0.978125 0.3984375 0.75625 0.3984375
1 0.5 0.86875 0.65 0.86875 0.65 0.971875 0.5 0.971875
1 0.2484375 0.321875 0.38125 0.321875 0.38125 0.46875 0.2484375 0.46875
1 0.3109375 0.253125 0.38125 0.253125 0.38125 0.31875 0.3109375 0.31875
1 0.3796875 0.0296875 0.4859375 0.0296875 0.4859375 0.159375 0.3796875 0.159375
1 0.065625 0.0328125 0.1953125 0.0328125 0.1953125 0.115625 0.065625 0.115625
1 0.240625 0.6078125 0.3546875 0.6078125 0.3546875 0.740625 0.240625 0.740625
1 0.11875 0.484375 0.175 0.484375 0.175 0.6609375 0.11875 0.6609375