0 0.028125 0.678125 0.1015625 0.678125 0.1015625 0.73125 0.028125 0.73125
0 0.1578125 0.66875 0.321875 0.66875 0.321875 0.796875 0.1578125 0.796875
0 0.3453125 0.7546875 0.4328125 0.7546875 0.4328125 0.8265625 0.3453125 0.8265625
0 0.4765625 0.796875 0.5546875 0.796875 0.5546875 0.8703125 0.4765625 0.8703125
0 0.5671875 0.83125 0.628125 0.83125 0.628125 0.9203125 0.5671875 0.9203125
0 0.63125 0.9140625 0.6921875 0.9140625 0.6921875 0.990625 0.63125 0.990625
0 0.425 0.9578125 0.4625 0.9578125 0.4625 0.9828125 0.425 0.9828125
1 0.3640625 0.4515625 0.596875 0.4515625 0.596875 0.7671875 0.3640625 0.7671875
1 0.615625 0.7546875 0.7546875 0.7546875 0.7546875 0.8328125 0.615625 0.8328125
1 0.7828125 0.7765625 0.8953125 0.7765625 0.8953125 0.8984375 0.7828125 0.8984375
1 0.025 0.0015625 0.4125 0.0015625 0.4125 0.6375 0.025 0.6375
1 0.4515625 0 0.615625 0 0.615625 0.2421875 0.4515625 0.2421875
1 0.6703125 0.0125 0.971875 0.0125 0.971875 0.271875 0.6703125 0.271875