0 0.6578125 0.0890625 0.9625 0.0890625 0.9625 0.4703125 0.6578125 0.4703125
0 0.6546875 0.7171875 0.890625 0.7171875 0.890625 0.94375 0.6546875 0.94375
0 0.671875 0.49375 0.73125 0.49375 0.73125 0.6109375 0.671875 0.6109375
0 0.9390625 0.5234375 0.984375 0.5234375 0.984375 0.6046875 0.9390625 0.6046875
0 0.603125 0.578125 0.6578125 0.578125 0.6578125 0.7015625 0.603125 0.7015625
0 0.3078125 0.4953125 0.346875 0.4953125 0.346875 0.646875 0.3078125 0.646875
0 0.4140625 0.5109375 0.4984375 0.5109375 0.4984375 0.5640625 0.4140625 0.5640625
0 0.4875 0.5546875 0.5375 0.5546875 0.5375 0.6453125 0.4875 0.6453125
0 0.5578125 0.5359375 0.6 0.5359375 0.6 0.628125 0.5578125 0.628125
0 0.26875 0.4015625 0.3453125 0.4015625 0.3453125 0.484375 0.26875 0.484375
1 0.01875 0.0109375 0.3125 0.0109375 0.3125 0.3390625 0.01875 0.3390625
1 0.7515625 0.5921875 0.834375 0.5921875 0.834375 0.76875 0.7515625 0.76875
1 0.3375 0.7515625 0.415625 0.7515625 0.415625 0.8828125 0.3375 0.8828125
1 0.084375 0.3765625 0.1578125 0.3765625 0.1578125 0.628125 0.084375 0.628125
1 0.628125 0.0171875 0.88125 0.0171875 0.88125 0.121875 0.628125 0.121875