0 0.096875 0.1203125 0.2453125 0.1203125 0.2453125 0.271875 0.096875 0.271875
0 0.246875 0.1625 0.346875 0.1625 0.346875 0.2234375 0.246875 0.2234375
0 0.2515625 0.075 0.3 0.075 0.3 0.1359375 0.2515625 0.1359375
0 0.340625 0.1484375 0.4234375 0.1484375 0.4234375 0.2203125 0.340625 0.2203125
0 0.4578125 0.15625 0.5109375 0.15625 0.5109375 0.2125 0.4578125 0.2125
0 0.3625 0.253125 0.4859375 0.253125 0.4859375 0.3109375 0.3625 0.3109375
0 0.565625 0.2859375 0.7296875 0.2859375 0.7296875 0.415625 0.565625 0.415625
0 0.6578125 0.4390625 0.7453125 0.4390625 0.7453125 0.5125 0.6578125 0.5125
0 0.7640625 0.4265625 0.884375 0.4265625 0.884375 0.5390625 0.7640625 0.5390625
0 0.740625 0.54375 0.790625 0.54375 0.790625 0.5921875 0.740625 0.5921875
0 0.8125 0.553125 0.890625 0.553125 0.890625 0.6546875 0.8125 0.6546875
0 0.9328125 0.453125 0.9796875 0.453125 0.9796875 0.5296875 0.9328125 0.5296875
0 0.8984375 0.7046875 0.965625 0.7046875 0.965625 0.8734375 0.8984375 0.8734375
0 0.634375 0.5765625 0.70625 0.5765625 0.70625 0.665625 0.634375 0.665625
0 0.628125 0.6609375 0.7046875 0.6609375 0.7046875 0.765625 0.628125 0.765625
0 0.6625 0.759375 0.709375 0.759375 0.709375 0.80625 0.6625 0.80625
0 0.4859375 0.7484375 0.5515625 0.7484375 0.5515625 0.8296875 0.4859375 0.8296875
0 0.4015625 0.440625 0.5921875 0.440625 0.5921875 0.5734375 0.4015625 0.5734375
0 0.1546875 0.5109375 0.24375 0.5109375 0.24375 0.59375 0.1546875 0.59375
0 0 0.54375 0.059375 0.54375 0.059375 0.65 0 0.65
0 0.078125 0.7359375 0.1609375 0.7359375 0.1609375 0.821875 0.078125 0.821875
0 0.40625 0.8984375 0.45625 0.8984375 0.45625 0.9484375 0.40625 0.9484375
1 0.5453125 0.021875 0.99375 0.021875 0.99375 0.2640625 0.5453125 0.2640625
1 0.7671875 0.278125 1 0.278125 1 0.4109375 0.7671875 0.4109375
1 0.490625 0.921875 0.653125 0.921875 0.653125 1 0.490625 1
1 0.21875 0.328125 0.3625 0.328125 0.3625 0.4875 0.21875 0.4875
1 0.2859375 0.2546875 0.3625 0.2546875 0.3625 0.325 0.2859375 0.325
1 0.3609375 0.0109375 0.4765625 0.0109375 0.4765625 0.1515625 0.3609375 0.1515625
1 0.0203125 0.0140625 0.1609375 0.0140625 0.1609375 0.1046875 0.0203125 0.1046875
1 0.209375 0.6390625 0.3328125 0.6390625 0.3328125 0.7828125 0.209375 0.7828125
1 0.078125 0.5046875 0.1390625 0.5046875 0.1390625 0.6953125 0.078125 0.6953125