0 0.1078125 0.3078125 0.1921875 0.3078125 0.1921875 0.40625 0.1078125 0.40625
0 0.2765625 0.3609375 0.34375 0.3609375 0.34375 0.4078125 0.2765625 0.4078125
0 0.378125 0.3609375 0.44375 0.3609375 0.44375 0.403125 0.378125 0.403125
0 0.2296875 0.3140625 0.2484375 0.3140625 0.2484375 0.33125 0.2296875 0.33125
0 0.5109375 0.4140625 0.5609375 0.4140625 0.5609375 0.4609375 0.5109375 0.4609375
0 0.6265625 0.3890625 0.7 0.3890625 0.7 0.4515625 0.6265625 0.4515625
0 0.159375 0.684375 0.2078125 0.684375 0.2078125 0.79375 0.159375 0.79375
0 0.215625 0.7140625 0.3140625 0.7140625 0.3140625 0.8125 0.215625 0.8125
0 0.3125 0.7640625 0.4125 0.7640625 0.4125 0.878125 0.3125 0.878125
0 0.609375 0.665625 0.6796875 0.665625 0.6796875 0.7921875 0.609375 0.7921875
0 0.709375 0.678125 0.8890625 0.678125 0.8890625 0.8296875 0.709375 0.8296875
0 0.896875 0.7453125 0.975 0.7453125 0.975 0.834375 0.896875 0.834375
1 0.1421875 0.0015625 0.4828125 0.0015625 0.4828125 0.315625 0.1421875 0.315625
1 0.5078125 0.0078125 0.9703125 0.0078125 0.9703125 0.3765625 0.5078125 0.3765625
1 0.71875 0.521875 0.85 0.521875 0.85 0.646875 0.71875 0.646875
1 0.8515625 0.515625 0.9109375 0.515625 0.9109375 0.6171875 0.8515625 0.6171875
1 0.90625 0.7015625 0.946875 0.7015625 0.946875 0.7421875 0.90625 0.7421875
1 0.5265625 0.509375 0.6546875 0.509375 0.6546875 0.6578125 0.5265625 0.6578125
1 0.125 0.5828125 0.1890625 0.5828125 0.1890625 0.70625 0.125 0.70625
1 0.23125 0.61875 0.3296875 0.61875 0.3296875 0.6859375 0.23125 0.6859375
1 0.325 0.7296875 0.3875 0.7296875 0.3875 0.7609375 0.325 0.7609375
1 0.0046875 0.5234375 0.0578125 0.5234375 0.0578125 0.690625 0.0046875 0.690625