0 0.0328125 0.5015625 0.2375 0.5015625 0.2375 0.6640625 0.0328125 0.6640625
0 0.2640625 0.4703125 0.3828125 0.4703125 0.3828125 0.578125 0.2640625 0.578125
0 0.296875 0.690625 0.3875 0.690625 0.3875 0.7859375 0.296875 0.7859375
0 0.40625 0.7765625 0.4546875 0.7765625 0.4546875 0.840625 0.40625 0.840625
0 0.515625 0.7078125 0.55625 0.7078125 0.55625 0.7859375 0.515625 0.7859375
0 0.575 0.6078125 0.671875 0.6078125 0.671875 0.728125 0.575 0.728125
0 0.70625 0.6140625 0.7765625 0.6140625 0.7765625 0.65625 0.70625 0.65625
0 0.821875 0.5953125 0.85625 0.5953125 0.85625 0.6484375 0.821875 0.6484375
1 0.4984375 0.0796875 0.703125 0.0796875 0.703125 0.5375 0.4984375 0.5375
1 0.1984375 0.30625 0.296875 0.30625 0.296875 0.6265625 0.1984375 0.6265625
1 0.3671875 0.3375 0.4671875 0.3375 0.4671875 0.5859375 0.3671875 0.5859375