0 0.025 0.19375 0.178125 0.19375 0.178125 0.3078125 0.025 0.3078125
0 0.2203125 0.0625 0.3515625 0.0625 0.3515625 0.2453125 0.2203125 0.2453125
0 0.534375 0.1578125 0.7953125 0.1578125 0.7953125 0.2984375 0.534375 0.2984375
0 0.9015625 0.21875 1 0.21875 1 0.3296875 0.9015625 0.3296875
0 0.2578125 0.7 0.34375 0.7 0.34375 0.7859375 0.2578125 0.7859375
0 0.540625 0.709375 0.6 0.709375 0.6 0.7609375 0.540625 0.7609375
0 0.640625 0.7484375 0.7140625 0.7484375 0.7140625 0.809375 0.640625 0.809375
1 0 0 0.140625 0 0.140625 0.2078125 0 0.2078125
1 0.24375 0 0.4171875 0 0.4171875 0.1 0.24375 0.1
1 0.5640625 0 0.9828125 0 0.9828125 0.175 0.5640625 0.175
1 0.6140625 0.4609375 1 0.4609375 1 0.8796875 0.6140625 0.8796875