0 0.04375 0.7390625 0.2046875 0.7390625 0.2046875 0.85 0.04375 0.85
0 0.203125 0.4734375 0.3 0.4734375 0.3 0.5796875 0.203125 0.5796875
0 0.5078125 0.6046875 0.5984375 0.6046875 0.5984375 0.7484375 0.5078125 0.7484375
0 0.4046875 0.7265625 0.446875 0.7265625 0.446875 0.78125 0.4046875 0.78125
0 0.678125 0.7546875 0.740625 0.7546875 0.740625 0.815625 0.678125 0.815625
0 0.334375 0.39375 0.3734375 0.39375 0.3734375 0.446875 0.334375 0.446875
1 0 0 0.3234375 0 0.3234375 0.3578125 0 0.3578125
1 0.015625 0.3703125 0.2 0.3703125 0.2 0.6953125 0.015625 0.6953125
1 0.20625 0.5828125 0.4125 0.5828125 0.4125 0.8625 0.20625 0.8625
1 0.31875 0 0.678125 0 0.678125 0.378125 0.31875 0.378125
1 0.3890625 0.3890625 0.6953125 0.3890625 0.6953125 0.759375 0.3890625 0.759375
1 0.709375 0.525 0.878125 0.525 0.878125 0.796875 0.709375 0.796875