0 0.0734375 0.3921875 0.215625 0.3921875 0.215625 0.596875 0.0734375 0.596875
0 0.078125 0.6859375 0.1578125 0.6859375 0.1578125 0.815625 0.078125 0.815625
0 0.3890625 0.2359375 0.5609375 0.2359375 0.5609375 0.4609375 0.3890625 0.4609375
0 0.55625 0.334375 0.6765625 0.334375 0.6765625 0.459375 0.55625 0.459375
0 0.6859375 0.1765625 0.765625 0.1765625 0.765625 0.234375 0.6859375 0.234375
0 0.7109375 0.3171875 0.81875 0.3171875 0.81875 0.4421875 0.7109375 0.4421875
0 0.8265625 0.15 0.896875 0.15 0.896875 0.3328125 0.8265625 0.3328125
0 0.90625 0.1859375 0.9421875 0.1859375 0.9421875 0.3078125 0.90625 0.3078125
0 0.1125 0 0.178125 0 0.178125 0.1015625 0.1125 0.1015625
0 0.0578125 0 0.0921875 0 0.0921875 0.0828125 0.0578125 0.0828125
0 0.196875 0.0953125 0.296875 0.0953125 0.296875 0.3734375 0.196875 0.3734375
0 0.2125 0.3984375 0.284375 0.3984375 0.284375 0.7609375 0.2125 0.7609375