0 0.0578125 0.5140625 0.2734375 0.5140625 0.2734375 0.5796875 0.0578125 0.5796875
0 0.278125 0.365625 0.540625 0.365625 0.540625 0.5828125 0.278125 0.5828125
0 0.540625 0.4046875 0.6453125 0.4046875 0.6453125 0.490625 0.540625 0.490625
0 0 0.421875 0.0234375 0.421875 0.0234375 0.5890625 0 0.5890625
0 0.03125 0.5578125 0.05 0.5578125 0.05 0.6390625 0.03125 0.6390625
0 0 0.60625 0.09375 0.60625 0.09375 0.8234375 0 0.8234375
1 0 0.221875 0.225 0.221875 0.225 0.4546875 0 0.4546875
1 0.2296875 0.1203125 0.38125 0.1203125 0.38125 0.3265625 0.2296875 0.3265625
1 0.5203125 0.0625 0.665625 0.0625 0.665625 0.2734375 0.5203125 0.2734375
0 0.1609375 0.5828125 0.1890625 0.5828125 0.1890625 0.6640625 0.1609375 0.6640625
0 0.2546875 0.596875 0.278125 0.596875 0.278125 0.6515625 0.2546875 0.6515625
0 0.3125 0.596875 0.3359375 0.596875 0.3359375 0.6296875 0.3125 0.6296875