0 0.0296875 0.2109375 0.1125 0.2109375 0.1125 0.3265625 0.0296875 0.3265625
0 0.2234375 0.309375 0.2640625 0.309375 0.2640625 0.371875 0.2234375 0.371875
0 0.2828125 0.121875 0.3203125 0.121875 0.3203125 0.178125 0.2828125 0.178125
0 0.3265625 0.596875 0.3875 0.596875 0.3875 0.675 0.3265625 0.675
0 0.51875 0.378125 0.58125 0.378125 0.58125 0.453125 0.51875 0.453125
0 0.6046875 0.25 0.625 0.25 0.625 0.275 0.6046875 0.275
0 0.4890625 0.2375 0.5375 0.2375 0.5375 0.3203125 0.4890625 0.3203125
0 0.6671875 0.4578125 0.7078125 0.4578125 0.7078125 0.5375 0.6671875 0.5375
0 0.7328125 0.4 0.7890625 0.4 0.7890625 0.490625 0.7328125 0.490625
0 0.7828125 0.596875 0.8109375 0.596875 0.8109375 0.653125 0.7828125 0.653125
0 0.803125 0.7359375 0.8546875 0.7359375 0.8546875 0.7984375 0.803125 0.7984375
0 0.8796875 0.3625 0.8953125 0.3625 0.8953125 0.4015625 0.8796875 0.4015625
0 0.8828125 0.29375 0.9125 0.29375 0.9125 0.346875 0.8828125 0.346875
0 0.9484375 0.0859375 0.9953125 0.0859375 0.9953125 0.15625 0.9484375 0.15625
0 0.70625 0.8875 0.784375 0.8875 0.784375 0.984375 0.70625 0.984375
0 0.6125 0.9 0.6875 0.9 0.6875 0.9671875 0.6125 0.9671875
0 0.553125 0.940625 0.58125 0.940625 0.58125 0.9734375 0.553125 0.9734375
0 0.4203125 0.91875 0.4921875 0.91875 0.4921875 0.975 0.4203125 0.975
0 0.1984375 0.915625 0.3078125 0.915625 0.3078125 0.9640625 0.1984375 0.9640625
0 0 0.90625 0.0375 0.90625 0.0375 0.953125 0 0.953125
1 0.86875 0.0640625 0.93125 0.0640625 0.93125 0.284375 0.86875 0.284375
1 0.7734375 0.175 0.8734375 0.175 0.8734375 0.43125 0.7734375 0.43125
1 0.6359375 0.0328125 0.70625 0.0328125 0.70625 0.3234375 0.6359375 0.3234375
1 0.5828125 0.053125 0.6265625 0.053125 0.6265625 0.2390625 0.5828125 0.2390625
1 0.4765625 0.028125 0.540625 0.028125 0.540625 0.2375 0.4765625 0.2375
1 0.33125 0.16875 0.415625 0.16875 0.415625 0.3921875 0.33125 0.3921875
1 0.2078125 0.00625 0.346875 0.00625 0.346875 0.29375 0.2078125 0.29375
1 0.01875 0.0140625 0.1390625 0.0140625 0.1390625 0.2265625 0.01875 0.2265625