0 0.06875 0.5109375 0.2796875 0.5109375 0.2796875 0.575 0.06875 0.575
0 0.284375 0.3640625 0.540625 0.3640625 0.540625 0.5765625 0.284375 0.5765625
0 0.5421875 0.403125 0.6453125 0.403125 0.6453125 0.4875 0.5421875 0.4875
0 0 0.4203125 0.034375 0.4203125 0.034375 0.5828125 0 0.5828125
0 0.04375 0.553125 0.0625 0.553125 0.0625 0.6328125 0.04375 0.6328125
0 0 0.6015625 0.1046875 0.6015625 0.1046875 0.8140625 0 0.8140625
1 0.0046875 0.2265625 0.2328125 0.2265625 0.2328125 0.4546875 0.0046875 0.4546875
1 0.2359375 0.125 0.3859375 0.125 0.3859375 0.3265625 0.2359375 0.3265625
1 0.521875 0.06875 0.6640625 0.06875 0.6640625 0.275 0.521875 0.275
0 0.1703125 0.578125 0.1984375 0.578125 0.1984375 0.6578125 0.1703125 0.6578125
0 0.2609375 0.5921875 0.284375 0.5921875 0.284375 0.64375 0.2609375 0.64375
0 0.31875 0.590625 0.3421875 0.590625 0.3421875 0.6234375 0.31875 0.6234375