0 0.0390625 0.4921875 0.3109375 0.4921875 0.3109375 0.8078125 0.0390625 0.8078125
0 0.0046875 0.3109375 0.1890625 0.3109375 0.1890625 0.4953125 0.0046875 0.4953125
0 0.2078125 0.3390625 0.275 0.3390625 0.275 0.434375 0.2078125 0.434375
0 0.3796875 0.35 0.45 0.35 0.45 0.4234375 0.3796875 0.4234375
0 0.45625 0.2953125 0.5546875 0.2953125 0.5546875 0.425 0.45625 0.425
0 0.578125 0.353125 0.6375 0.353125 0.6375 0.4390625 0.578125 0.4390625
0 0.6421875 0.353125 0.7046875 0.353125 0.7046875 0.4375 0.6421875 0.4375
0 0.709375 0.371875 0.7921875 0.371875 0.7921875 0.4671875 0.709375 0.4671875
0 0.8046875 0.378125 0.85625 0.378125 0.85625 0.4609375 0.8046875 0.4609375
0 0.871875 0.39375 0.9078125 0.39375 0.9078125 0.453125 0.871875 0.453125
0 0.9203125 0.4171875 0.9421875 0.4171875 0.9421875 0.4546875 0.9203125 0.4546875
1 0.684375 0.2171875 0.7375 0.2171875 0.7375 0.353125 0.684375 0.353125
1 0.759375 0.284375 0.8078125 0.284375 0.8078125 0.3734375 0.759375 0.3734375
1 0.4171875 0.1609375 0.5125 0.1609375 0.5125 0.3171875 0.4171875 0.3171875
1 0.584375 0.20625 0.6765625 0.20625 0.6765625 0.3296875 0.584375 0.3296875