0 0.546875 0.6015625 0.6203125 0.6015625 0.6203125 0.68125 0.546875 0.68125
0 0.64375 0.6140625 0.6984375 0.6140625 0.6984375 0.6765625 0.64375 0.6765625
0 0.7703125 0.65 0.8 0.65 0.8 0.7078125 0.7703125 0.7078125
0 0.8421875 0.721875 0.8890625 0.721875 0.8890625 0.7671875 0.8421875 0.7671875
1 0 0 0.215625 0 0.215625 0.5015625 0 0.5015625
1 0.190625 0.6421875 0.26875 0.6421875 0.26875 0.709375 0.190625 0.709375
1 0 0.553125 0.096875 0.553125 0.096875 0.690625 0 0.690625
1 0.225 0.2953125 0.34375 0.2953125 0.34375 0.484375 0.225 0.484375
1 0.4265625 0.0484375 0.503125 0.0484375 0.503125 0.2828125 0.4265625 0.2828125
1 0.3734375 0.3703125 0.475 0.3703125 0.475 0.4953125 0.3734375 0.4953125
1 0.5953125 0.2421875 0.725 0.2421875 0.725 0.4734375 0.5953125 0.4734375