0 0.021875 0.4890625 0.3 0.4890625 0.3 0.8109375 0.021875 0.8109375
0 0 0.3015625 0.175 0.3015625 0.175 0.4890625 0 0.4890625
0 0.19375 0.33125 0.2625 0.33125 0.2625 0.4296875 0.19375 0.4296875
0 0.3703125 0.34375 0.4421875 0.34375 0.4421875 0.41875 0.3703125 0.41875
0 0.4484375 0.2875 0.5484375 0.2875 0.5484375 0.4203125 0.4484375 0.4203125
0 0.5734375 0.346875 0.634375 0.346875 0.634375 0.434375 0.5734375 0.434375
0 0.6390625 0.346875 0.703125 0.346875 0.703125 0.4328125 0.6390625 0.4328125
0 0.7078125 0.365625 0.7921875 0.365625 0.7921875 0.4625 0.7078125 0.4625
0 0.8046875 0.3734375 0.85625 0.3734375 0.85625 0.4578125 0.8046875 0.4578125
0 0.8734375 0.3890625 0.909375 0.3890625 0.909375 0.45 0.8734375 0.45
0 0.9234375 0.4109375 0.9453125 0.4109375 0.9453125 0.45 0.9234375 0.45
1 0.6828125 0.2078125 0.7375 0.2078125 0.7375 0.346875 0.6828125 0.346875
1 0.759375 0.275 0.8078125 0.275 0.8078125 0.3671875 0.759375 0.3671875
1 0.409375 0.15 0.50625 0.15 0.50625 0.309375 0.409375 0.309375
1 0.5796875 0.196875 0.6734375 0.196875 0.6734375 0.3234375 0.5796875 0.3234375