0 0.028125 0.6296875 0.0828125 0.6296875 0.0828125 0.740625 0.028125 0.740625
0 0.109375 0.7421875 0.13125 0.7421875 0.13125 0.7796875 0.109375 0.7796875
0 0.175 0.703125 0.215625 0.703125 0.215625 0.7609375 0.175 0.7609375
0 0.31875 0.7296875 0.384375 0.7296875 0.384375 0.8265625 0.31875 0.8265625
0 0.4234375 0.7234375 0.584375 0.7234375 0.584375 0.80625 0.4234375 0.80625
0 0.6015625 0.715625 0.725 0.715625 0.725 0.815625 0.6015625 0.815625
0 0.7671875 0.7234375 0.7921875 0.7234375 0.7921875 0.76875 0.7671875 0.76875
0 0.8109375 0.734375 0.83125 0.734375 0.83125 0.78125 0.8109375 0.78125
1 0.4078125 0.15 0.8015625 0.15 0.8015625 0.703125 0.4078125 0.703125
1 0.8234375 0.5921875 0.928125 0.5921875 0.928125 0.73125 0.8234375 0.73125
1 0.1359375 0.33125 0.403125 0.33125 0.403125 0.6765625 0.1359375 0.6765625