0 0.5515625 0.5984375 0.6265625 0.5984375 0.6265625 0.68125 0.5515625 0.68125
0 0.6484375 0.6109375 0.7046875 0.6109375 0.7046875 0.675 0.6484375 0.675
0 0.7796875 0.646875 0.8109375 0.646875 0.8109375 0.70625 0.7796875 0.70625
0 0.853125 0.721875 0.9015625 0.721875 0.9015625 0.76875 0.853125 0.76875
1 0 0 0.209375 0 0.209375 0.4953125 0 0.4953125
1 0.184375 0.6390625 0.2640625 0.6390625 0.2640625 0.709375 0.184375 0.709375
1 0 0.546875 0.0859375 0.546875 0.0859375 0.6890625 0 0.6890625
1 0.21875 0.2828125 0.340625 0.2828125 0.340625 0.4765625 0.21875 0.4765625
1 0.4265625 0.028125 0.5046875 0.028125 0.5046875 0.26875 0.4265625 0.26875
1 0.3703125 0.359375 0.475 0.359375 0.475 0.4890625 0.3703125 0.4890625
1 0.6015625 0.228125 0.734375 0.228125 0.734375 0.465625 0.6015625 0.465625