0 0.0609375 0.175 0.3171875 0.175 0.3171875 0.6984375 0.0609375 0.6984375
0 0.3234375 0.3109375 0.415625 0.3109375 0.415625 0.7078125 0.3234375 0.7078125
0 0.4296875 0.5296875 0.5265625 0.5296875 0.5265625 0.7828125 0.4296875 0.7828125
0 0.5234375 0.334375 0.559375 0.334375 0.559375 0.475 0.5234375 0.475
0 0.578125 0.378125 0.625 0.378125 0.625 0.559375 0.578125 0.559375
0 0.6265625 0.409375 0.659375 0.409375 0.659375 0.553125 0.6265625 0.553125
0 0.7515625 0.378125 0.83125 0.378125 0.83125 0.5734375 0.7515625 0.5734375
0 0.8234375 0.3671875 0.934375 0.3671875 0.934375 0.5640625 0.8234375 0.5640625
1 0.8125 0.0796875 0.9515625 0.0796875 0.9515625 0.34375 0.8125 0.34375
1 0.553125 0.021875 0.6796875 0.021875 0.6796875 0.2390625 0.553125 0.2390625
1 0.0875 0.0015625 0.3375 0.0015625 0.3375 0.15625 0.0875 0.15625
1 0.40625 0 0.5203125 0 0.5203125 0.2140625 0.40625 0.2140625