0 0.0375 0.59375 0.0921875 0.59375 0.0921875 0.7046875 0.0375 0.7046875
0 0.1171875 0.7046875 0.1390625 0.7046875 0.1390625 0.74375 0.1171875 0.74375
0 0.1828125 0.6671875 0.2234375 0.6671875 0.2234375 0.725 0.1828125 0.725
0 0.3265625 0.6921875 0.3921875 0.6921875 0.3921875 0.790625 0.3265625 0.790625
0 0.43125 0.6859375 0.5921875 0.6859375 0.5921875 0.76875 0.43125 0.76875
0 0.609375 0.678125 0.734375 0.678125 0.734375 0.778125 0.609375 0.778125
0 0.7765625 0.6875 0.8015625 0.6875 0.8015625 0.73125 0.7765625 0.73125
0 0.81875 0.696875 0.8390625 0.696875 0.8390625 0.74375 0.81875 0.74375
1 0.4171875 0.1140625 0.8109375 0.1140625 0.8109375 0.6671875 0.4171875 0.6671875
1 0.83125 0.55625 0.9359375 0.55625 0.9359375 0.6953125 0.83125 0.6953125
1 0.14375 0.2953125 0.4109375 0.2953125 0.4109375 0.640625 0.14375 0.640625