0 0.146875 0 0.371875 0 0.371875 0.2265625 0.146875 0.2265625
0 0.390625 0.20625 0.434375 0.20625 0.434375 0.271875 0.390625 0.271875
0 0.3046875 0.228125 0.3703125 0.228125 0.3703125 0.459375 0.3046875 0.459375
0 0.4140625 0.5171875 0.4671875 0.5171875 0.4671875 0.5921875 0.4140625 0.5921875
1 0.3875 0 0.63125 0 0.63125 0.1953125 0.3875 0.1953125
1 0.7015625 0.3125 0.7734375 0.3125 0.7734375 0.4125 0.7015625 0.4125
1 0.7953125 0.4 0.890625 0.4 0.890625 0.478125 0.7953125 0.478125
1 0.9140625 0.3140625 1 0.3140625 1 0.4875 0.9140625 0.4875
1 0.6390625 0.9078125 0.7 0.9078125 0.7 0.959375 0.6390625 0.959375
1 0.765625 0.9125 0.8203125 0.9125 0.8203125 0.990625 0.765625 0.990625
1 0.640625 0 0.7546875 0 0.7546875 0.1265625 0.640625 0.1265625