0 0 0.3671875 0.0625 0.3671875 0.0625 0.415625 0 0.415625
0 0.0734375 0.5328125 0.11875 0.5328125 0.11875 0.6515625 0.0734375 0.6515625
0 0.178125 0.6625 0.2859375 0.6625 0.2859375 0.7234375 0.178125 0.7234375
0 0.259375 0.7828125 0.3640625 0.7828125 0.3640625 0.8609375 0.259375 0.8609375
0 0.5265625 0.8046875 1 0.8046875 1 0.903125 0.5265625 0.903125
0 0.2734375 0.5421875 0.36875 0.5421875 0.36875 0.65625 0.2734375 0.65625
0 0.428125 0.6453125 0.5765625 0.6453125 0.5765625 0.715625 0.428125 0.715625
0 0.54375 0.49375 0.6296875 0.49375 0.6296875 0.6625 0.54375 0.6625
0 0.6828125 0.4953125 0.8625 0.4953125 0.8625 0.621875 0.6828125 0.621875
0 0.7546875 0.196875 1 0.196875 1 0.5484375 0.7546875 0.5484375
0 0.628125 0.3 0.740625 0.3 0.740625 0.415625 0.628125 0.415625
0 0.3171875 0.3 0.49375 0.3 0.49375 0.40625 0.3171875 0.40625
0 0.178125 0.3453125 0.2890625 0.3453125 0.2890625 0.4125 0.178125 0.4125