0 0.334375 0.26875 0.553125 0.26875 0.553125 0.565625 0.334375 0.565625
0 0.234375 0.525 0.353125 0.525 0.353125 0.7421875 0.234375 0.7421875
0 0.2421875 0.7859375 0.646875 0.7859375 0.646875 0.875 0.2421875 0.875
0 0.590625 0.3015625 0.6734375 0.3015625 0.6734375 0.396875 0.590625 0.396875
0 0.66875 0.5140625 0.703125 0.5140625 0.703125 0.5640625 0.66875 0.5640625
0 0.6625 0.565625 0.853125 0.565625 0.853125 0.84375 0.6625 0.84375
0 0.596875 0.659375 0.653125 0.659375 0.653125 0.7078125 0.596875 0.7078125
0 0.4546875 0.6765625 0.5234375 0.6765625 0.5234375 0.73125 0.4546875 0.73125
0 0.546875 0.7203125 0.5703125 0.7203125 0.5703125 0.740625 0.546875 0.740625
0 0.1640625 0.8484375 0.196875 0.8484375 0.196875 0.8796875 0.1640625 0.8796875
1 0.5671875 0.0046875 0.9765625 0.0046875 0.9765625 0.5171875 0.5671875 0.5171875
1 0.2296875 0.3421875 0.3453125 0.3421875 0.3453125 0.5078125 0.2296875 0.5078125
1 0.8578125 0.5703125 0.9640625 0.5703125 0.9640625 0.7734375 0.8578125 0.7734375