0 0.1046875 0.6109375 0.1796875 0.6109375 0.1796875 0.703125 0.1046875 0.703125
0 0.203125 0.646875 0.25625 0.646875 0.25625 0.69375 0.203125 0.69375
0 0.3484375 0.6421875 0.428125 0.6421875 0.428125 0.7015625 0.3484375 0.7015625
0 0.4515625 0.665625 0.5171875 0.665625 0.5171875 0.7359375 0.4515625 0.7359375
0 0.5359375 0.684375 0.578125 0.684375 0.578125 0.746875 0.5359375 0.746875
0 0.5953125 0.6875 0.63125 0.6875 0.63125 0.7359375 0.5953125 0.7359375
0 0.5375 0.6359375 0.5875 0.6359375 0.5875 0.671875 0.5375 0.671875
0 0.6484375 0.6578125 0.75 0.6578125 0.75 0.7546875 0.6484375 0.7546875
0 0.73125 0.5265625 0.7859375 0.5265625 0.7859375 0.5875 0.73125 0.5875
1 0.1046875 0.415625 0.2546875 0.415625 0.2546875 0.5375 0.1046875 0.5375
1 0.5796875 0.3734375 0.7125 0.3734375 0.7125 0.6109375 0.5796875 0.6109375