0 0 0.1671875 0.078125 0.1671875 0.078125 0.2890625 0 0.2890625
0 0.19375 0.2734375 0.2375 0.2734375 0.2375 0.3390625 0.19375 0.3390625
0 0.2578125 0.075 0.296875 0.075 0.296875 0.134375 0.2578125 0.134375
0 0.303125 0.5765625 0.3671875 0.5765625 0.3671875 0.659375 0.303125 0.659375
0 0.5078125 0.34375 0.5734375 0.34375 0.5734375 0.4234375 0.5078125 0.4234375
0 0.596875 0.209375 0.61875 0.209375 0.61875 0.2359375 0.596875 0.2359375
0 0.475 0.196875 0.5265625 0.196875 0.5265625 0.284375 0.475 0.284375
0 0.6640625 0.4296875 0.70625 0.4296875 0.70625 0.5140625 0.6640625 0.5140625
0 0.7328125 0.3671875 0.7921875 0.3671875 0.7921875 0.4640625 0.7328125 0.4640625
0 0.7859375 0.5765625 0.815625 0.5765625 0.815625 0.6359375 0.7859375 0.6359375
0 0.80625 0.7234375 0.8609375 0.7234375 0.8609375 0.7890625 0.80625 0.7890625
0 0.8875 0.328125 0.903125 0.328125 0.903125 0.36875 0.8875 0.36875
0 0.890625 0.2546875 0.921875 0.2546875 0.921875 0.3109375 0.890625 0.3109375
0 0.959375 0.0359375 1 0.0359375 1 0.109375 0.959375 0.109375
0 0.7046875 0.88125 0.7875 0.88125 0.7875 0.984375 0.7046875 0.984375
0 0.60625 0.8953125 0.684375 0.8953125 0.684375 0.9671875 0.60625 0.9671875
0 0.54375 0.9390625 0.5734375 0.9390625 0.5734375 0.9734375 0.54375 0.9734375
0 0.4015625 0.915625 0.478125 0.915625 0.478125 0.975 0.4015625 0.975
0 0.16875 0.9125 0.284375 0.9125 0.284375 0.9640625 0.16875 0.9640625
1 0.8765625 0.0140625 0.9421875 0.0140625 0.9421875 0.246875 0.8765625 0.246875
1 0.775 0.1296875 0.8796875 0.1296875 0.8796875 0.4 0.775 0.4
1 0.6296875 0 0.7046875 0 0.7046875 0.2859375 0.6296875 0.2859375
1 0.5734375 0.0015625 0.6203125 0.0015625 0.6203125 0.196875 0.5734375 0.196875
1 0.4625 0 0.5296875 0 0.5296875 0.1953125 0.4625 0.1953125
1 0.309375 0.1234375 0.3984375 0.1234375 0.3984375 0.359375 0.309375 0.359375
1 0.1765625 0 0.3234375 0 0.3234375 0.2546875 0.1765625 0.2546875
1 0 0 0.1046875 0 0.1046875 0.184375 0 0.184375