0 0 0.340625 0.0125 0.340625 0.0125 0.3875 0 0.3875
0 0.1046875 0.34375 0.128125 0.34375 0.128125 0.36875 0.1046875 0.36875
0 0.146875 0.35 0.1828125 0.35 0.1828125 0.3796875 0.146875 0.3796875
0 0.2046875 0.3453125 0.234375 0.3453125 0.234375 0.38125 0.2046875 0.38125
0 0.259375 0.3375 0.2796875 0.3375 0.2796875 0.3734375 0.259375 0.3734375
0 0.309375 0.3390625 0.35 0.3390625 0.35 0.3734375 0.309375 0.3734375
0 0.371875 0.3375 0.3984375 0.3375 0.3984375 0.390625 0.371875 0.390625
0 0.425 0.334375 0.453125 0.334375 0.453125 0.384375 0.425 0.384375
0 0.4859375 0.325 0.5484375 0.325 0.5484375 0.3796875 0.4859375 0.3796875
0 0.553125 0.3296875 0.590625 0.3296875 0.590625 0.371875 0.553125 0.371875
0 0.615625 0.3296875 0.6625 0.3296875 0.6625 0.3875 0.615625 0.3875
0 0.690625 0.34375 0.725 0.34375 0.725 0.3796875 0.690625 0.3796875
0 0.753125 0.3375 0.7859375 0.3375 0.7859375 0.38125 0.753125 0.38125
0 0.80625 0.328125 0.8453125 0.328125 0.8453125 0.3890625 0.80625 0.3890625
0 0.8703125 0.3296875 0.9203125 0.3296875 0.9203125 0.390625 0.8703125 0.390625
0 0.9390625 0.3484375 0.9671875 0.3484375 0.9671875 0.384375 0.9390625 0.384375
0 0.8640625 0.4578125 0.95625 0.4578125 0.95625 0.5203125 0.8640625 0.5203125
0 0.43125 0.490625 0.553125 0.490625 0.553125 0.603125 0.43125 0.603125
0 0.071875 0.4140625 0.2609375 0.4140625 0.2609375 0.58125 0.071875 0.58125
1 0.759375 0.0953125 0.915625 0.0953125 0.915625 0.2796875 0.759375 0.2796875