0 0.0234375 0.671875 0.0953125 0.671875 0.0953125 0.725 0.0234375 0.725
0 0.1515625 0.6625 0.315625 0.6625 0.315625 0.7875 0.1515625 0.7875
0 0.3375 0.746875 0.4234375 0.746875 0.4234375 0.8171875 0.3375 0.8171875
0 0.4671875 0.7875 0.54375 0.7875 0.54375 0.859375 0.4671875 0.859375
0 0.5578125 0.8234375 0.6171875 0.8234375 0.6171875 0.909375 0.5578125 0.909375
0 0.6203125 0.9046875 0.68125 0.9046875 0.68125 0.9796875 0.6203125 0.9796875
0 0.415625 0.946875 0.4515625 0.946875 0.4515625 0.971875 0.415625 0.971875
1 0.35625 0.4484375 0.5859375 0.4484375 0.5859375 0.759375 0.35625 0.759375
1 0.6046875 0.746875 0.740625 0.746875 0.740625 0.8234375 0.6046875 0.8234375
1 0.7703125 0.76875 0.88125 0.76875 0.88125 0.8875 0.7703125 0.8875
1 0.021875 0.003125 0.4046875 0.003125 0.4046875 0.6296875 0.021875 0.6296875
1 0.4421875 0 0.6046875 0 0.6046875 0.240625 0.4421875 0.240625
1 0.6578125 0.0140625 0.95625 0.0140625 0.95625 0.2703125 0.6578125 0.2703125