0 0.046875 0.234375 0.1890625 0.234375 0.1890625 0.3390625 0.046875 0.3390625
0 0.228125 0.1125 0.35 0.1125 0.35 0.28125 0.228125 0.28125
0 0.5171875 0.2015625 0.759375 0.2015625 0.759375 0.33125 0.5171875 0.33125
0 0.859375 0.259375 0.978125 0.259375 0.978125 0.3609375 0.859375 0.3609375
0 0.2625 0.703125 0.3421875 0.703125 0.3421875 0.7828125 0.2625 0.7828125
0 0.5234375 0.7109375 0.578125 0.7109375 0.578125 0.759375 0.5234375 0.759375
0 0.6171875 0.746875 0.684375 0.746875 0.684375 0.803125 0.6171875 0.803125
1 0 0.0015625 0.153125 0.0015625 0.153125 0.246875 0 0.246875
1 0.2484375 0.003125 0.409375 0.003125 0.409375 0.146875 0.2484375 0.146875
1 0.546875 0.0046875 0.934375 0.0046875 0.934375 0.21875 0.546875 0.21875
1 0.5921875 0.4828125 0.9625 0.4828125 0.9625 0.8703125 0.5921875 0.8703125