0 0.078125 0.5859375 0.1171875 0.5859375 0.1171875 0.6875 0.078125 0.6875
0 0.15 0.6921875 0.1765625 0.6921875 0.1765625 0.7265625 0.15 0.7265625
0 0.2078125 0.653125 0.2609375 0.653125 0.2609375 0.696875 0.2078125 0.696875
0 0.29375 0.70625 0.3203125 0.70625 0.3203125 0.740625 0.29375 0.740625
0 0.353125 0.6765625 0.4125 0.6765625 0.4125 0.7609375 0.353125 0.7609375
0 0.4546875 0.6765625 0.6078125 0.6765625 0.6078125 0.74375 0.4546875 0.74375
0 0.6328125 0.6671875 0.7453125 0.6671875 0.7453125 0.7640625 0.6328125 0.7640625
0 0.7796875 0.6671875 0.80625 0.6671875 0.80625 0.715625 0.7796875 0.715625
0 0.834375 0.684375 0.85 0.684375 0.85 0.7203125 0.834375 0.7203125
1 0.084375 0.3765625 0.2265625 0.3765625 0.2265625 0.6015625 0.084375 0.6015625
1 0.23125 0.2234375 0.4796875 0.2234375 0.4796875 0.6484375 0.23125 0.6484375
1 0.4875 0.1109375 0.85625 0.1109375 0.85625 0.6484375 0.4875 0.6484375
1 0.765625 0.4875 0.9625 0.4875 0.9625 0.7078125 0.765625 0.7078125