0 0.0234375 0.84375 0.053125 0.84375 0.053125 0.878125 0.0234375 0.878125
0 0.1171875 0.8078125 0.1765625 0.8078125 0.1765625 0.8609375 0.1171875 0.8609375
0 0.2109375 0.7828125 0.2625 0.7828125 0.2625 0.821875 0.2109375 0.821875
0 0.2953125 0.8015625 0.3578125 0.8015625 0.3578125 0.85 0.2953125 0.85
0 0.3859375 0.81875 0.45625 0.81875 0.45625 0.8640625 0.3859375 0.8640625
0 0.459375 0.953125 0.6875 0.953125 0.6875 1 0.459375 1
0 0.7 0.9140625 0.7828125 0.9140625 0.7828125 0.965625 0.7 0.965625
0 0.9515625 0.7515625 1 0.7515625 1 0.7890625 0.9515625 0.7890625
0 0.696875 0.784375 0.725 0.784375 0.725 0.8 0.696875 0.8
1 0.3984375 0.3109375 0.734375 0.3109375 0.734375 0.540625 0.3984375 0.540625
1 0.225 0.65625 0.4234375 0.65625 0.4234375 0.79375 0.225 0.79375
1 0.2578125 0.3515625 0.384375 0.3515625 0.384375 0.584375 0.2578125 0.584375
1 0 0.415625 0.090625 0.415625 0.090625 0.5125 0 0.5125