0 0 0.35 0.021875 0.35 0.021875 0.3953125 0 0.3953125
0 0.1109375 0.3515625 0.134375 0.3515625 0.134375 0.3765625 0.1109375 0.3765625
0 0.153125 0.3578125 0.1875 0.3578125 0.1875 0.3859375 0.153125 0.3859375
0 0.2078125 0.353125 0.2375 0.353125 0.2375 0.3875 0.2078125 0.3875
0 0.2625 0.3453125 0.2828125 0.3453125 0.2828125 0.38125 0.2625 0.38125
0 0.3125 0.3484375 0.35 0.3484375 0.35 0.38125 0.3125 0.38125
0 0.371875 0.3453125 0.396875 0.3453125 0.396875 0.396875 0.371875 0.396875
0 0.4234375 0.34375 0.4515625 0.34375 0.4515625 0.3921875 0.4234375 0.3921875
0 0.4828125 0.334375 0.54375 0.334375 0.54375 0.3875 0.4828125 0.3875
0 0.5484375 0.3390625 0.584375 0.3390625 0.584375 0.3796875 0.5484375 0.3796875
0 0.6109375 0.3390625 0.65625 0.3390625 0.65625 0.3953125 0.6109375 0.3953125
0 0.6828125 0.3515625 0.715625 0.3515625 0.715625 0.3875 0.6828125 0.3875
0 0.7421875 0.346875 0.775 0.346875 0.775 0.3890625 0.7421875 0.3890625
0 0.7953125 0.3375 0.8328125 0.3375 0.8328125 0.396875 0.7953125 0.396875
0 0.8578125 0.3390625 0.9078125 0.3390625 0.9078125 0.3984375 0.8578125 0.3984375
0 0.925 0.35625 0.9515625 0.35625 0.9515625 0.390625 0.925 0.390625
0 0.990625 0.3515625 1 0.3515625 1 0.3953125 0.990625 0.3953125
0 0.85 0.4640625 0.940625 0.4640625 0.940625 0.525 0.85 0.525
0 0.4296875 0.496875 0.5484375 0.496875 0.5484375 0.60625 0.4296875 0.60625
0 0.0796875 0.4203125 0.2640625 0.4203125 0.2640625 0.584375 0.0796875 0.584375
1 0.75 0.1109375 0.9015625 0.1109375 0.9015625 0.290625 0.75 0.290625