0 0.70625 0.034375 1 0.034375 1 0.446875 0.70625 0.446875
0 0.703125 0.7140625 0.9578125 0.7140625 0.9578125 0.959375 0.703125 0.959375
0 0.721875 0.471875 0.7859375 0.471875 0.7859375 0.5984375 0.721875 0.5984375
0 0.646875 0.5640625 0.70625 0.5640625 0.70625 0.6984375 0.646875 0.6984375
0 0.3265625 0.4734375 0.36875 0.4734375 0.36875 0.6375 0.3265625 0.6375
0 0.4421875 0.490625 0.534375 0.490625 0.534375 0.5484375 0.4421875 0.5484375
0 0.521875 0.5375 0.575 0.5375 0.575 0.6359375 0.521875 0.6359375
0 0.5984375 0.51875 0.64375 0.51875 0.64375 0.61875 0.5984375 0.61875
0 0.2859375 0.371875 0.36875 0.371875 0.36875 0.4625 0.2859375 0.4625
1 0.015625 0 0.3328125 0 0.3328125 0.3046875 0.015625 0.3046875
1 0.80625 0.5796875 0.896875 0.5796875 0.896875 0.7703125 0.80625 0.7703125
1 0.359375 0.7515625 0.44375 0.7515625 0.44375 0.89375 0.359375 0.89375
1 0.0859375 0.346875 0.165625 0.346875 0.165625 0.61875 0.0859375 0.61875
1 0.6734375 0 0.946875 0 0.946875 0.06875 0.6734375 0.06875