0 0.20625 0.584375 0.31875 0.584375 0.31875 0.6984375 0.20625 0.6984375
0 0.08125 0.6359375 0.1453125 0.6359375 0.1453125 0.678125 0.08125 0.678125
0 0.003125 0.509375 0.1015625 0.509375 0.1015625 0.565625 0.003125 0.565625
0 0.1578125 0.5265625 0.275 0.5265625 0.275 0.571875 0.1578125 0.571875
0 0.340625 0.5328125 0.371875 0.5328125 0.371875 0.5578125 0.340625 0.5578125
0 0.3984375 0.546875 0.4203125 0.546875 0.4203125 0.5578125 0.3984375 0.5578125
0 0.5953125 0.6265625 0.6515625 0.6265625 0.6515625 0.665625 0.5953125 0.665625
0 0.7953125 0.5375 0.8390625 0.5375 0.8390625 0.6234375 0.7953125 0.6234375
1 0.49375 0.7703125 0.715625 0.7703125 0.715625 0.884375 0.49375 0.884375
1 0.115625 0.8953125 0.2125 0.8953125 0.2125 0.9609375 0.115625 0.9609375
1 0 0.834375 0.075 0.834375 0.075 0.9046875 0 0.9046875
1 0.0421875 0.2484375 0.2 0.2484375 0.2 0.4796875 0.0421875 0.4796875
1 0.49375 0.271875 0.6015625 0.271875 0.6015625 0.4453125 0.49375 0.4453125
1 0.496875 0.5296875 0.58125 0.5296875 0.58125 0.665625 0.496875 0.665625
1 0.696875 0.634375 0.75625 0.634375 0.75625 0.684375 0.696875 0.684375
1 0.0109375 0.0234375 0.1421875 0.0234375 0.1421875 0.1859375 0.0109375 0.1859375