0 0.3515625 0.26875 0.5859375 0.26875 0.5859375 0.5875 0.3515625 0.5875
0 0.2453125 0.54375 0.371875 0.54375 0.371875 0.7765625 0.2453125 0.7765625
0 0.253125 0.825 0.6875 0.825 0.6875 0.9203125 0.253125 0.9203125
0 0.6265625 0.303125 0.715625 0.303125 0.715625 0.40625 0.6265625 0.40625
0 0.7109375 0.53125 0.746875 0.53125 0.746875 0.584375 0.7109375 0.584375
0 0.7046875 0.5875 0.909375 0.5875 0.909375 0.8859375 0.7046875 0.8859375
0 0.6328125 0.6875 0.69375 0.6875 0.69375 0.740625 0.6328125 0.740625
0 0.4828125 0.70625 0.55625 0.70625 0.55625 0.7640625 0.4828125 0.7640625
0 0.58125 0.753125 0.60625 0.753125 0.60625 0.775 0.58125 0.775
0 0.16875 0.890625 0.203125 0.890625 0.203125 0.9234375 0.16875 0.9234375
1 0.6015625 0 1 0 1 0.534375 0.6015625 0.534375
1 0.240625 0.346875 0.3640625 0.346875 0.3640625 0.525 0.240625 0.525
1 0.9125 0.5921875 1 0.5921875 1 0.8109375 0.9125 0.8109375