0 0.1171875 0.61875 0.190625 0.61875 0.190625 0.7078125 0.1171875 0.7078125
0 0.2125 0.653125 0.2640625 0.653125 0.2640625 0.6984375 0.2125 0.6984375
0 0.353125 0.6484375 0.4296875 0.6484375 0.4296875 0.70625 0.353125 0.70625
0 0.4546875 0.671875 0.5171875 0.671875 0.5171875 0.7390625 0.4546875 0.7390625
0 0.534375 0.6890625 0.575 0.6890625 0.575 0.75 0.534375 0.75
0 0.5921875 0.6921875 0.6265625 0.6921875 0.6265625 0.7390625 0.5921875 0.7390625
0 0.5359375 0.64375 0.584375 0.64375 0.584375 0.678125 0.5359375 0.678125
0 0.64375 0.6640625 0.7421875 0.6640625 0.7421875 0.7578125 0.64375 0.7578125
0 0.725 0.5359375 0.778125 0.5359375 0.778125 0.5953125 0.725 0.5953125
1 0.1171875 0.4296875 0.2625 0.4296875 0.2625 0.546875 0.1171875 0.546875
1 0.5765625 0.3890625 0.70625 0.3890625 0.70625 0.61875 0.5765625 0.61875