0 0.5875 0.3703125 0.7203125 0.3703125 0.7203125 0.4109375 0.5875 0.4109375
0 0.596875 0.8703125 0.8484375 0.8703125 0.8484375 0.9921875 0.596875 0.9921875
0 0.0828125 0.615625 0.1734375 0.615625 0.1734375 0.75 0.0828125 0.75
0 0.15625 0.7359375 0.2875 0.7359375 0.2875 0.93125 0.15625 0.93125
1 0.653125 0.7109375 0.75625 0.7109375 0.75625 0.8171875 0.653125 0.8171875
1 0.5703125 0.584375 0.6671875 0.584375 0.6671875 0.6421875 0.5703125 0.6421875
1 0.6234375 0.659375 0.7140625 0.659375 0.7140625 0.7171875 0.6234375 0.7171875
1 0.7125 0.3953125 0.95 0.3953125 0.95 0.73125 0.7125 0.73125
1 0.0859375 0.3875 0.3984375 0.3875 0.3984375 0.578125 0.0859375 0.578125
1 0.3859375 0.0125 0.5875 0.0125 0.5875 0.5125 0.3859375 0.5125
1 0.6046875 0.0234375 0.9765625 0.0234375 0.9765625 0.3796875 0.6046875 0.3796875