0 0.0109375 0.209375 0.159375 0.209375 0.159375 0.31875 0.0109375 0.31875
0 0.2 0.0828125 0.328125 0.0828125 0.328125 0.259375 0.2 0.259375
0 0.503125 0.175 0.75625 0.175 0.75625 0.3109375 0.503125 0.3109375
0 0.8609375 0.234375 0.984375 0.234375 0.984375 0.340625 0.8609375 0.340625
0 0.2359375 0.6984375 0.3203125 0.6984375 0.3203125 0.78125 0.2359375 0.78125
0 0.509375 0.70625 0.565625 0.70625 0.565625 0.7578125 0.509375 0.7578125
0 0.6078125 0.74375 0.678125 0.74375 0.678125 0.803125 0.6078125 0.803125
1 0 0 0.121875 0 0.121875 0.221875 0 0.221875
1 0.221875 0 0.3890625 0 0.3890625 0.1171875 0.221875 0.1171875
1 0.53125 0 0.9375 0 0.9375 0.190625 0.53125 0.190625
1 0.58125 0.46875 0.96875 0.46875 0.96875 0.8734375 0.58125 0.8734375