0 0.078125 0.5703125 0.115625 0.5703125 0.115625 0.66875 0.078125 0.66875
0 0.146875 0.671875 0.171875 0.671875 0.171875 0.70625 0.146875 0.70625
0 0.203125 0.634375 0.2546875 0.634375 0.2546875 0.6765625 0.203125 0.6765625
0 0.2875 0.6859375 0.3125 0.6859375 0.3125 0.71875 0.2875 0.71875
0 0.34375 0.6578125 0.4015625 0.6578125 0.4015625 0.7390625 0.34375 0.7390625
0 0.4421875 0.6578125 0.590625 0.6578125 0.590625 0.721875 0.4421875 0.721875
0 0.6140625 0.646875 0.7234375 0.646875 0.7234375 0.740625 0.6140625 0.740625
0 0.75625 0.646875 0.7828125 0.646875 0.7828125 0.69375 0.75625 0.69375
0 0.8109375 0.665625 0.825 0.665625 0.825 0.7 0.8109375 0.7
1 0.0828125 0.365625 0.2203125 0.365625 0.2203125 0.584375 0.0828125 0.584375
1 0.2265625 0.21875 0.4671875 0.21875 0.4671875 0.63125 0.2265625 0.63125
1 0.4734375 0.109375 0.83125 0.109375 0.83125 0.6296875 0.4734375 0.6296875
1 0.7421875 0.475 0.9328125 0.475 0.9328125 0.6875 0.7421875 0.6875