0 0 0.515625 0.2109375 0.515625 0.2109375 0.690625 0 0.690625
0 0.2421875 0.48125 0.3703125 0.48125 0.3703125 0.596875 0.2421875 0.596875
0 0.2765625 0.71875 0.3734375 0.71875 0.3734375 0.821875 0.2765625 0.821875
0 0.3953125 0.8125 0.446875 0.8125 0.446875 0.88125 0.3953125 0.88125
0 0.5125 0.7375 0.55625 0.7375 0.55625 0.821875 0.5125 0.821875
0 0.578125 0.63125 0.6828125 0.63125 0.6828125 0.7609375 0.578125 0.7609375
0 0.7203125 0.6359375 0.7953125 0.6359375 0.7953125 0.68125 0.7203125 0.68125
0 0.8453125 0.615625 0.8828125 0.615625 0.8828125 0.6734375 0.8453125 0.6734375
1 0.49375 0.059375 0.715625 0.059375 0.715625 0.5546875 0.49375 0.5546875
1 0.1703125 0.3046875 0.2765625 0.3046875 0.2765625 0.65 0.1703125 0.65
1 0.353125 0.3375 0.4609375 0.3375 0.4609375 0.60625 0.353125 0.60625