0 0.55 0.5953125 0.6203125 0.5953125 0.6203125 0.6734375 0.55 0.6734375
0 0.6421875 0.6078125 0.6953125 0.6078125 0.6953125 0.66875 0.6421875 0.66875
0 0.765625 0.6421875 0.7953125 0.6421875 0.7953125 0.6984375 0.765625 0.6984375
0 0.834375 0.7109375 0.8796875 0.7109375 0.8796875 0.7546875 0.834375 0.7546875
1 0.0046875 0.0140625 0.2296875 0.0140625 0.2296875 0.5 0.0046875 0.5
1 0.2046875 0.634375 0.2796875 0.634375 0.2796875 0.7 0.2046875 0.7
1 0.00625 0.55 0.1140625 0.55 0.1140625 0.6828125 0.00625 0.6828125
1 0.2375 0.2984375 0.3515625 0.2984375 0.3515625 0.48125 0.2375 0.48125
1 0.4328125 0.059375 0.50625 0.059375 0.50625 0.2859375 0.4328125 0.2859375
1 0.3796875 0.371875 0.478125 0.371875 0.478125 0.49375 0.3796875 0.49375
1 0.596875 0.2484375 0.721875 0.2484375 0.721875 0.471875 0.596875 0.471875