0 0.153125 0 0.3671875 0 0.3671875 0.203125 0.153125 0.203125
0 0.384375 0.1828125 0.4265625 0.1828125 0.4265625 0.2453125 0.384375 0.2453125
0 0.303125 0.2046875 0.365625 0.2046875 0.365625 0.4234375 0.303125 0.4234375
0 0.4078125 0.478125 0.4578125 0.478125 0.4578125 0.55 0.4078125 0.55
1 0.38125 0 0.6140625 0 0.6140625 0.171875 0.38125 0.171875
1 0.6796875 0.284375 0.746875 0.284375 0.746875 0.3796875 0.6796875 0.3796875
1 0.7703125 0.3671875 0.8609375 0.3671875 0.8609375 0.4421875 0.7703125 0.4421875
1 0.8828125 0.2859375 1 0.2859375 1 0.4515625 0.8828125 0.4515625
1 0.6203125 0.8515625 0.6796875 0.8515625 0.6796875 0.9 0.6203125 0.9
1 0.740625 0.8546875 0.7921875 0.8546875 0.7921875 0.9296875 0.740625 0.9296875
1 0.621875 0 0.7296875 0 0.7296875 0.1078125 0.621875 0.1078125