0 0.0671875 0.5984375 0.11875 0.5984375 0.11875 0.703125 0.0671875 0.703125
0 0.14375 0.7046875 0.1640625 0.7046875 0.1640625 0.740625 0.14375 0.740625
0 0.20625 0.6671875 0.24375 0.6671875 0.24375 0.721875 0.20625 0.721875
0 0.340625 0.6921875 0.4015625 0.6921875 0.4015625 0.784375 0.340625 0.784375
0 0.4390625 0.6859375 0.590625 0.6859375 0.590625 0.7640625 0.4390625 0.7640625
0 0.60625 0.6796875 0.7234375 0.6796875 0.7234375 0.7734375 0.60625 0.7734375
0 0.7625 0.6875 0.7859375 0.6875 0.7859375 0.7296875 0.7625 0.7296875
0 0.803125 0.696875 0.821875 0.696875 0.821875 0.740625 0.803125 0.740625
1 0.425 0.1484375 0.7953125 0.1484375 0.7953125 0.66875 0.425 0.66875
1 0.815625 0.5640625 0.9140625 0.5640625 0.9140625 0.6953125 0.815625 0.6953125
1 0.16875 0.31875 0.4203125 0.31875 0.4203125 0.64375 0.16875 0.64375