0 0.0421875 0.171875 0.3078125 0.171875 0.3078125 0.715625 0.0421875 0.715625
0 0.3140625 0.3140625 0.4109375 0.3140625 0.4109375 0.7265625 0.3140625 0.7265625
0 0.425 0.540625 0.5265625 0.540625 0.5265625 0.803125 0.425 0.803125
0 0.5234375 0.3375 0.5609375 0.3375 0.5609375 0.4828125 0.5234375 0.4828125
0 0.5796875 0.3828125 0.628125 0.3828125 0.628125 0.571875 0.5796875 0.571875
0 0.6296875 0.415625 0.6640625 0.415625 0.6640625 0.565625 0.6296875 0.565625
0 0.759375 0.3828125 0.8421875 0.3828125 0.8421875 0.5859375 0.759375 0.5859375
0 0.834375 0.371875 0.95 0.371875 0.95 0.5765625 0.834375 0.5765625
1 0.821875 0.071875 0.9671875 0.071875 0.9671875 0.346875 0.821875 0.346875
1 0.553125 0.0125 0.684375 0.0125 0.684375 0.2375 0.553125 0.2375
1 0.06875 0 0.328125 0 0.328125 0.153125 0.06875 0.153125
1 0.4 0 0.51875 0 0.51875 0.2125 0.4 0.2125