0 0.0078125 0.3390625 0.1890625 0.3390625 0.1890625 0.490625 0.0078125 0.490625
0 0.2078125 0.3625 0.325 0.3625 0.325 0.4390625 0.2078125 0.4390625
0 0.38125 0.3578125 0.478125 0.3578125 0.478125 0.4265625 0.38125 0.4265625
0 0.484375 0.2875 0.5578125 0.2875 0.5578125 0.41875 0.484375 0.41875
0 0.5796875 0.3625 0.6359375 0.3625 0.6359375 0.4390625 0.5796875 0.4390625
0 0.634375 0.353125 0.7078125 0.353125 0.7078125 0.4359375 0.634375 0.4359375
0 0.7078125 0.3703125 0.79375 0.3703125 0.79375 0.45 0.7078125 0.45
0 0.7921875 0.39375 0.8578125 0.39375 0.8578125 0.4578125 0.7921875 0.4578125
0 0.8671875 0.3875 0.909375 0.3875 0.909375 0.4515625 0.8671875 0.4515625
0 0.0640625 0.4953125 0.3171875 0.4953125 0.3171875 0.8234375 0.0640625 0.8234375
1 0.415625 0.10625 0.53125 0.10625 0.53125 0.2765625 0.415625 0.2765625
1 0.5765625 0.1421875 0.703125 0.1421875 0.703125 0.3484375 0.5765625 0.3484375
1 0.728125 0.2578125 0.803125 0.2578125 0.803125 0.3671875 0.728125 0.3671875