0 0.1375 0.0609375 0.2765625 0.0609375 0.2765625 0.4703125 0.1375 0.4703125
0 0.3109375 0.0890625 0.4296875 0.0890625 0.4296875 0.49375 0.3109375 0.49375
0 0.43125 0.2875 0.69375 0.2875 0.69375 0.4671875 0.43125 0.4671875
0 0.6359375 0.43125 0.721875 0.43125 0.721875 0.565625 0.6359375 0.565625
0 0.7515625 0.39375 0.796875 0.39375 0.796875 0.490625 0.7515625 0.490625
0 0.1484375 0.6515625 0.2203125 0.6515625 0.2203125 0.7234375 0.1484375 0.7234375
0 0.3671875 0.665625 0.4109375 0.665625 0.4109375 0.7296875 0.3671875 0.7296875
0 0.421875 0.6515625 0.609375 0.6515625 0.609375 0.7046875 0.421875 0.7046875
0 0.621875 0.653125 0.6578125 0.653125 0.6578125 0.7078125 0.621875 0.7078125
0 0.5265625 0.49375 0.6171875 0.49375 0.6171875 0.5734375 0.5265625 0.5734375
1 0.415625 0.0140625 0.6984375 0.0140625 0.6984375 0.2640625 0.415625 0.2640625
1 0.2390625 0.0078125 0.3421875 0.0078125 0.3421875 0.184375 0.2390625 0.184375