0 0 0.346875 0.15625 0.346875 0.15625 0.5078125 0 0.5078125
0 0.1765625 0.3734375 0.3 0.3734375 0.3 0.4546875 0.1765625 0.4546875
0 0.359375 0.3703125 0.4625 0.3703125 0.4625 0.4421875 0.359375 0.4421875
0 0.46875 0.2953125 0.546875 0.2953125 0.546875 0.434375 0.46875 0.434375
0 0.56875 0.3734375 0.628125 0.3734375 0.628125 0.4546875 0.56875 0.4546875
0 0.6265625 0.3640625 0.7046875 0.3640625 0.7046875 0.4515625 0.6265625 0.4515625
0 0.7046875 0.3828125 0.7953125 0.3828125 0.7953125 0.4671875 0.7046875 0.4671875
0 0.7921875 0.40625 0.8625 0.40625 0.8625 0.475 0.7921875 0.475
0 0.871875 0.4015625 0.9171875 0.4015625 0.9171875 0.46875 0.871875 0.46875
0 0.025 0.5140625 0.2921875 0.5140625 0.2921875 0.8609375 0.025 0.8609375
1 0.3953125 0.1046875 0.5171875 0.1046875 0.5171875 0.284375 0.3953125 0.284375
1 0.565625 0.140625 0.6984375 0.140625 0.6984375 0.359375 0.565625 0.359375
1 0.7265625 0.2640625 0.8046875 0.2640625 0.8046875 0.3796875 0.7265625 0.3796875