0 0.0671875 0.353125 0.1390625 0.353125 0.1390625 0.396875 0.0671875 0.396875
0 0.1484375 0.5046875 0.1890625 0.5046875 0.1890625 0.6109375 0.1484375 0.6109375
0 0.24375 0.6203125 0.340625 0.6203125 0.340625 0.675 0.24375 0.675
0 0.3171875 0.728125 0.4109375 0.728125 0.4109375 0.7984375 0.3171875 0.7984375
0 0.559375 0.7484375 0.99375 0.7484375 0.99375 0.8375 0.559375 0.8375
0 0.3296875 0.5109375 0.415625 0.5109375 0.415625 0.6140625 0.3296875 0.6140625
0 0.46875 0.6046875 0.603125 0.6046875 0.603125 0.66875 0.46875 0.66875
0 0.575 0.46875 0.6515625 0.46875 0.6515625 0.6203125 0.575 0.6203125
0 0.6984375 0.46875 0.8609375 0.46875 0.8609375 0.5828125 0.6984375 0.5828125
0 0.765625 0.2015625 0.9890625 0.2015625 0.9890625 0.51875 0.765625 0.51875
0 0.65 0.2921875 0.7515625 0.2921875 0.7515625 0.396875 0.65 0.396875
0 0.36875 0.29375 0.528125 0.29375 0.528125 0.3890625 0.36875 0.3890625
0 0.24375 0.334375 0.34375 0.334375 0.34375 0.3953125 0.24375 0.3953125