0 0.1484375 0.540625 0.225 0.540625 0.225 0.65625 0.1484375 0.65625
0 0.14375 0.2359375 0.2 0.2359375 0.2 0.3109375 0.14375 0.3109375
0 0.28125 0.2765625 0.334375 0.2765625 0.334375 0.3375 0.28125 0.3375
0 0.3203125 0.3234375 0.36875 0.3234375 0.36875 0.390625 0.3203125 0.390625
0 0.34375 0.45625 0.3703125 0.45625 0.3703125 0.50625 0.34375 0.50625
0 0.56875 0.5328125 0.609375 0.5328125 0.609375 0.6265625 0.56875 0.6265625
0 0.6234375 0.553125 0.6515625 0.553125 0.6515625 0.6109375 0.6234375 0.6109375
0 0.7703125 0.7125 0.790625 0.7125 0.790625 0.7421875 0.7703125 0.7421875
0 0.659375 0.2828125 0.6953125 0.2828125 0.6953125 0.365625 0.659375 0.365625
0 0.5203125 0.3375 0.5484375 0.3375 0.5484375 0.3859375 0.5203125 0.3859375
0 0.528125 0.265625 0.559375 0.265625 0.559375 0.30625 0.528125 0.30625
1 0 0.003125 0.1921875 0.003125 0.1921875 0.503125 0 0.503125
1 0.1953125 0.0125 0.3015625 0.0125 0.3015625 0.2578125 0.1953125 0.2578125
1 0.3125 0.0015625 0.528125 0.0015625 0.528125 0.4984375 0.3125 0.4984375
1 0.5671875 0.359375 0.640625 0.359375 0.640625 0.5171875 0.5671875 0.5171875
1 0.5421875 0.1578125 0.6234375 0.1578125 0.6234375 0.3140625 0.5421875 0.3140625
1 0.5453125 0.01875 0.7171875 0.01875 0.7171875 0.1890625 0.5453125 0.1890625