0 0.0625 0.0078125 0.203125 0.0078125 0.203125 0.415625 0.0625 0.415625
0 0.2484375 0.003125 0.3953125 0.003125 0.3953125 0.453125 0.2484375 0.453125
0 0.378125 0.2234375 0.721875 0.2234375 0.721875 0.421875 0.378125 0.421875
0 0.7421875 0.346875 0.7921875 0.346875 0.7921875 0.4609375 0.7421875 0.4609375
0 0.6125 0.4296875 0.71875 0.4296875 0.71875 0.5203125 0.6125 0.5203125
0 0.4875 0.4734375 0.5875 0.4734375 0.5875 0.54375 0.4875 0.54375
0 0.4015625 0.64375 0.5609375 0.64375 0.5609375 0.675 0.4015625 0.675
0 0.5984375 0.65 0.640625 0.65 0.640625 0.6828125 0.5984375 0.6828125
0 0.321875 0.6625 0.36875 0.6625 0.36875 0.7109375 0.321875 0.7109375
0 0.0984375 0.6375 0.1546875 0.6375 0.1546875 0.703125 0.0984375 0.703125
1 0.2046875 0 0.6546875 0 0.6546875 0.0453125 0.2046875 0.0453125
1 0.4234375 0.075 0.646875 0.075 0.646875 0.19375 0.4234375 0.19375