0 0 0.3046875 0.0046875 0.3046875 0.0046875 0.384375 0 0.384375
0 0.015625 0.175 0.11875 0.175 0.11875 0.371875 0.015625 0.371875
0 0.14375 0.2171875 0.275 0.2171875 0.275 0.425 0.14375 0.425
0 0.146875 0.45 0.240625 0.45 0.240625 0.5078125 0.146875 0.5078125
0 0.25625 0.4515625 0.4578125 0.4515625 0.4578125 0.63125 0.25625 0.63125
0 0.5078125 0.5125 0.7453125 0.5125 0.7453125 0.734375 0.5078125 0.734375
0 0.7453125 0.29375 0.9984375 0.29375 0.9984375 0.665625 0.7453125 0.665625
0 0.3203125 0.35 0.6265625 0.35 0.6265625 0.478125 0.3203125 0.478125
0 0.5046875 0.4609375 0.5609375 0.4609375 0.5609375 0.4953125 0.5046875 0.4953125
0 0.2765625 0.2484375 0.3546875 0.2484375 0.3546875 0.3390625 0.2765625 0.3390625
0 0.4625 0.178125 0.671875 0.178125 0.671875 0.328125 0.4625 0.328125
1 0.01875 0 0.165625 0 0.165625 0.1921875 0.01875 0.1921875
1 0.490625 0.0703125 0.5984375 0.0703125 0.5984375 0.1984375 0.490625 0.1984375