0 0.0796875 0.646875 0.1578125 0.646875 0.1578125 0.7421875 0.0796875 0.7421875
0 0.1828125 0.684375 0.2375 0.684375 0.2375 0.7328125 0.1828125 0.7328125
0 0.33125 0.678125 0.4140625 0.678125 0.4140625 0.740625 0.33125 0.740625
0 0.4390625 0.703125 0.50625 0.703125 0.50625 0.775 0.4390625 0.775
0 0.525 0.721875 0.56875 0.721875 0.56875 0.7859375 0.525 0.7859375
0 0.5859375 0.725 0.6234375 0.725 0.6234375 0.775 0.5859375 0.775
0 0.5265625 0.671875 0.578125 0.671875 0.578125 0.709375 0.5265625 0.709375
0 0.6421875 0.6953125 0.746875 0.6953125 0.746875 0.7953125 0.6421875 0.7953125
0 0.7265625 0.5578125 0.784375 0.5578125 0.784375 0.621875 0.7265625 0.621875
1 0.08125 0.4453125 0.2359375 0.4453125 0.2359375 0.5703125 0.08125 0.5703125
1 0.5703125 0.4015625 0.7078125 0.4015625 0.7078125 0.646875 0.5703125 0.646875