0 0 0.4515625 0.109375 0.4515625 0.109375 0.590625 0 0.590625
0 0.165625 0.5265625 0.5796875 0.5265625 0.5796875 0.7234375 0.165625 0.7234375
0 0.6015625 0.5921875 0.9921875 0.5921875 0.9921875 0.7921875 0.6015625 0.7921875
0 0.778125 0.4328125 0.8359375 0.4328125 0.8359375 0.4796875 0.778125 0.4796875
0 0.8640625 0.44375 0.9140625 0.44375 0.9140625 0.4765625 0.8640625 0.4765625
0 0.45625 0.4234375 0.546875 0.4234375 0.546875 0.4859375 0.45625 0.4859375
0 0.1796875 0.415625 0.2109375 0.415625 0.2109375 0.44375 0.1796875 0.44375
0 0.2453125 0.4125 0.2625 0.4125 0.2625 0.43125 0.2453125 0.43125
1 0.61875 0.3921875 0.7625 0.3921875 0.7625 0.5171875 0.61875 0.5171875
1 0 0.03125 0.440625 0.03125 0.440625 0.3734375 0 0.3734375
1 0 0.3390625 0.0484375 0.3390625 0.0484375 0.41875 0 0.41875