0 0.5953125 0.3625 0.7296875 0.3625 0.7296875 0.403125 0.5953125 0.403125
0 0.6046875 0.8703125 0.8609375 0.8703125 0.8609375 0.99375 0.6046875 0.99375
0 0.0828125 0.6109375 0.175 0.6109375 0.175 0.746875 0.0828125 0.746875
0 0.15625 0.734375 0.290625 0.734375 0.290625 0.9328125 0.15625 0.9328125
1 0.6625 0.7078125 0.7671875 0.7078125 0.7671875 0.815625 0.6625 0.815625
1 0.578125 0.578125 0.6765625 0.578125 0.6765625 0.6375 0.578125 0.6375
1 0.6328125 0.65625 0.725 0.65625 0.725 0.7140625 0.6328125 0.7140625
1 0.721875 0.3859375 0.9640625 0.3859375 0.9640625 0.728125 0.721875 0.728125
1 0.0859375 0.3796875 0.403125 0.3796875 0.403125 0.5734375 0.0859375 0.5734375
1 0.3890625 0 0.59375 0 0.59375 0.5046875 0.3890625 0.5046875
1 0.6125 0.009375 0.990625 0.009375 0.990625 0.3703125 0.6125 0.3703125