0 0.0953125 0.09375 0.24375 0.09375 0.24375 0.24375 0.0953125 0.24375
0 0.24375 0.1359375 0.34375 0.1359375 0.34375 0.196875 0.24375 0.196875
0 0.2484375 0.0484375 0.2984375 0.0484375 0.2984375 0.109375 0.2484375 0.109375
0 0.3390625 0.121875 0.421875 0.121875 0.421875 0.19375 0.3390625 0.19375
0 0.45625 0.1296875 0.509375 0.1296875 0.509375 0.1859375 0.45625 0.1859375
0 0.3609375 0.2265625 0.484375 0.2265625 0.484375 0.284375 0.3609375 0.284375
0 0.5625 0.2578125 0.7265625 0.2578125 0.7265625 0.3890625 0.5625 0.3890625
0 0.65625 0.4125 0.74375 0.4125 0.74375 0.484375 0.65625 0.484375
0 0.7625 0.4 0.8828125 0.4 0.8828125 0.5125 0.7625 0.5125
0 0.7390625 0.5171875 0.7875 0.5171875 0.7875 0.5640625 0.7390625 0.5640625
0 0.8109375 0.5265625 0.8890625 0.5265625 0.8890625 0.628125 0.8109375 0.628125
0 0.9296875 0.425 0.978125 0.425 0.978125 0.5015625 0.9296875 0.5015625
0 0.896875 0.6765625 0.9640625 0.6765625 0.9640625 0.846875 0.896875 0.846875
0 0.6328125 0.5484375 0.7046875 0.5484375 0.7046875 0.6390625 0.6328125 0.6390625
0 0.625 0.634375 0.7015625 0.634375 0.7015625 0.7390625 0.625 0.7390625
0 0.659375 0.7328125 0.7078125 0.7328125 0.7078125 0.7796875 0.659375 0.7796875
0 0.484375 0.7203125 0.55 0.7203125 0.55 0.8015625 0.484375 0.8015625
0 0.3984375 0.4125 0.590625 0.4125 0.590625 0.546875 0.3984375 0.546875
0 0.153125 0.4828125 0.2421875 0.4828125 0.2421875 0.565625 0.153125 0.565625
0 0 0.5171875 0.0578125 0.5171875 0.0578125 0.621875 0 0.621875
0 0.0765625 0.7078125 0.159375 0.7078125 0.159375 0.7953125 0.0765625 0.7953125
0 0.4046875 0.871875 0.4546875 0.871875 0.4546875 0.921875 0.4046875 0.921875
0 0.371875 0.9734375 0.40625 0.9734375 0.40625 1 0.371875 1
1 0.5421875 0 0.9921875 0 0.9921875 0.2359375 0.5421875 0.2359375
1 0.765625 0.2515625 1 0.2515625 1 0.384375 0.765625 0.384375
1 0.4875 0.89375 0.65 0.89375 0.65 1 0.4875 1
1 0.2171875 0.3015625 0.3609375 0.3015625 0.3609375 0.4609375 0.2171875 0.4609375
1 0.284375 0.2265625 0.3609375 0.2265625 0.3609375 0.2984375 0.284375 0.2984375
1 0.359375 0 0.475 0 0.475 0.1234375 0.359375 0.1234375
1 0.0171875 0 0.1578125 0 0.1578125 0.0765625 0.0171875 0.0765625
1 0.2078125 0.6109375 0.33125 0.6109375 0.33125 0.7546875 0.2078125 0.7546875
1 0.0765625 0.4765625 0.1375 0.4765625 0.1375 0.66875 0.0765625 0.66875