0 0.134375 0.0828125 0.2625 0.0828125 0.2625 0.4546875 0.134375 0.4546875
0 0.303125 0.0796875 0.4375 0.0796875 0.4375 0.4890625 0.303125 0.4890625
0 0.4203125 0.2796875 0.7328125 0.2796875 0.7328125 0.4609375 0.4203125 0.4609375
0 0.7515625 0.3921875 0.796875 0.3921875 0.796875 0.496875 0.7515625 0.496875
0 0.6328125 0.4671875 0.7296875 0.4671875 0.7296875 0.55 0.6328125 0.55
0 0.5203125 0.5078125 0.6109375 0.5078125 0.6109375 0.571875 0.5203125 0.571875
0 0.4421875 0.6625 0.5875 0.6625 0.5875 0.690625 0.4421875 0.690625
0 0.6203125 0.66875 0.659375 0.66875 0.659375 0.6984375 0.6203125 0.6984375
0 0.3703125 0.678125 0.4125 0.678125 0.4125 0.721875 0.3703125 0.721875
0 0.165625 0.65625 0.2171875 0.65625 0.2171875 0.715625 0.165625 0.715625
1 0.2640625 0.0171875 0.6734375 0.0171875 0.6734375 0.11875 0.2640625 0.11875
1 0.4625 0.1453125 0.665625 0.1453125 0.665625 0.253125 0.4625 0.253125