0 0.071875 0.396875 0.2265625 0.396875 0.2265625 0.6171875 0.071875 0.6171875
0 0.078125 0.7140625 0.1625 0.7140625 0.1625 0.8546875 0.078125 0.8546875
0 0.4125 0.228125 0.5984375 0.228125 0.5984375 0.4703125 0.4125 0.4703125
0 0.59375 0.334375 0.721875 0.334375 0.721875 0.4703125 0.59375 0.4703125
0 0.7328125 0.1640625 0.81875 0.1640625 0.81875 0.2265625 0.7328125 0.2265625
0 0.7609375 0.315625 0.8765625 0.315625 0.8765625 0.4515625 0.7609375 0.4515625
0 0.884375 0.1359375 0.9609375 0.1359375 0.9609375 0.334375 0.884375 0.334375
0 0.96875 0.175 1 0.175 1 0.30625 0.96875 0.30625
0 0.115625 0 0.1859375 0 0.1859375 0.084375 0.115625 0.084375
0 0.05625 0 0.09375 0 0.09375 0.0640625 0.05625 0.0640625
0 0.2046875 0.0765625 0.3140625 0.0765625 0.3140625 0.3765625 0.2046875 0.3765625
0 0.221875 0.4046875 0.3 0.4046875 0.3 0.79375 0.221875 0.79375