0 0.0015625 0.309375 0.0234375 0.309375 0.0234375 0.3859375 0.0015625 0.3859375
0 0.0328125 0.1828125 0.1328125 0.1828125 0.1328125 0.3734375 0.0328125 0.3734375
0 0.15625 0.2234375 0.284375 0.2234375 0.284375 0.425 0.15625 0.425
0 0.1609375 0.45 0.2515625 0.45 0.2515625 0.50625 0.1609375 0.50625
0 0.2671875 0.4515625 0.4625 0.4515625 0.4625 0.6265625 0.2671875 0.6265625
0 0.5109375 0.5109375 0.7421875 0.5109375 0.7421875 0.7265625 0.5109375 0.7265625
0 0.7421875 0.2984375 0.9890625 0.2984375 0.9890625 0.659375 0.7421875 0.659375
0 0.328125 0.353125 0.6265625 0.353125 0.6265625 0.4765625 0.328125 0.4765625
0 0.5078125 0.4609375 0.5625 0.4609375 0.5625 0.4953125 0.5078125 0.4953125
0 0.2875 0.2546875 0.3625 0.2546875 0.3625 0.3421875 0.2875 0.3421875
0 0.4671875 0.1859375 0.6703125 0.1859375 0.6703125 0.3328125 0.4671875 0.3328125
1 0.0359375 0.0140625 0.178125 0.0140625 0.178125 0.2 0.0359375 0.2
1 0.49375 0.08125 0.5984375 0.08125 0.5984375 0.2046875 0.49375 0.2046875