0 0.021875 0.2515625 0.1140625 0.2515625 0.1140625 0.359375 0.021875 0.359375
0 0.20625 0.3109375 0.28125 0.3109375 0.28125 0.3625 0.20625 0.3625
0 0.3203125 0.3109375 0.3921875 0.3109375 0.3921875 0.3578125 0.3203125 0.3578125
0 0.15625 0.259375 0.1765625 0.259375 0.1765625 0.278125 0.15625 0.278125
0 0.465625 0.3703125 0.5203125 0.3703125 0.5203125 0.421875 0.465625 0.421875
0 0.5921875 0.3421875 0.671875 0.3421875 0.671875 0.4109375 0.5921875 0.4109375
0 0.078125 0.6671875 0.13125 0.6671875 0.13125 0.7875 0.078125 0.7875
0 0.140625 0.6984375 0.25 0.6984375 0.25 0.8078125 0.140625 0.8078125
0 0.246875 0.753125 0.35625 0.753125 0.35625 0.8796875 0.246875 0.8796875
0 0.5734375 0.6453125 0.65 0.6453125 0.65 0.784375 0.5734375 0.784375
0 0.684375 0.659375 0.88125 0.659375 0.88125 0.825 0.684375 0.825
0 0.8890625 0.734375 0.975 0.734375 0.975 0.83125 0.8890625 0.83125
1 0.0609375 0 0.434375 0 0.434375 0.259375 0.0609375 0.259375
1 0.4625 0 0.9703125 0 0.9703125 0.328125 0.4625 0.328125
1 0.69375 0.4890625 0.8390625 0.4890625 0.8390625 0.6265625 0.69375 0.6265625
1 0.8390625 0.4796875 0.9046875 0.4796875 0.9046875 0.5921875 0.8390625 0.5921875
1 0.9 0.684375 0.9453125 0.684375 0.9453125 0.7296875 0.9 0.7296875
1 0.4828125 0.4734375 0.6234375 0.4734375 0.6234375 0.6375 0.4828125 0.6375
1 0.040625 0.5546875 0.1109375 0.5546875 0.1109375 0.690625 0.040625 0.690625
1 0.1578125 0.59375 0.265625 0.59375 0.265625 0.6671875 0.1578125 0.6671875
1 0.2609375 0.715625 0.3296875 0.715625 0.3296875 0.75 0.2609375 0.75