0 0.1203125 0.121875 0.2609375 0.121875 0.2609375 0.2671875 0.1203125 0.2671875
0 0.2640625 0.1609375 0.3609375 0.1609375 0.3609375 0.2203125 0.2640625 0.2203125
0 0.26875 0.0765625 0.3171875 0.0765625 0.3171875 0.1359375 0.26875 0.1359375
0 0.35625 0.15 0.4359375 0.15 0.4359375 0.2171875 0.35625 0.2171875
0 0.471875 0.1578125 0.5203125 0.1578125 0.5203125 0.209375 0.471875 0.209375
0 0.3765625 0.25 0.496875 0.25 0.496875 0.3046875 0.3765625 0.3046875
0 0.5734375 0.2828125 0.7296875 0.2828125 0.7296875 0.409375 0.5734375 0.409375
0 0.6625 0.4296875 0.746875 0.4296875 0.746875 0.5 0.6625 0.5
0 0.765625 0.41875 0.8796875 0.41875 0.8796875 0.5265625 0.765625 0.5265625
0 0.74375 0.53125 0.790625 0.53125 0.790625 0.578125 0.74375 0.578125
0 0.8109375 0.540625 0.8875 0.540625 0.8875 0.6390625 0.8109375 0.6390625
0 0.9265625 0.44375 0.9734375 0.44375 0.9734375 0.515625 0.9265625 0.515625
0 0.8953125 0.6859375 0.9609375 0.6859375 0.9609375 0.85 0.8953125 0.85
0 0.6390625 0.5625 0.709375 0.5625 0.709375 0.6484375 0.6390625 0.6484375
0 0.6328125 0.6453125 0.70625 0.6453125 0.70625 0.7453125 0.6328125 0.7453125
0 0.665625 0.7390625 0.7125 0.7390625 0.7125 0.784375 0.665625 0.784375
0 0.496875 0.7265625 0.5609375 0.7265625 0.5609375 0.80625 0.496875 0.80625
0 0.4125 0.43125 0.5984375 0.43125 0.5984375 0.559375 0.4125 0.559375
0 0.1765625 0.4984375 0.2609375 0.4984375 0.2609375 0.578125 0.1765625 0.578125
0 0.0140625 0.5328125 0.084375 0.5328125 0.084375 0.6328125 0.0140625 0.6328125
0 0.1015625 0.71875 0.1796875 0.71875 0.1796875 0.8 0.1015625 0.8
0 0.4203125 0.875 0.4671875 0.875 0.4671875 0.921875 0.4203125 0.921875
0 0.3890625 0.9734375 0.421875 0.9734375 0.421875 1 0.3890625 1
1 0.5546875 0.0265625 0.9875 0.0265625 0.9875 0.259375 0.5546875 0.259375
1 0.76875 0.271875 1 0.271875 1 0.403125 0.76875 0.403125
1 0.5015625 0.896875 0.6578125 0.896875 0.6578125 1 0.5015625 1
1 0.2359375 0.321875 0.375 0.321875 0.375 0.475 0.2359375 0.475
1 0.303125 0.2515625 0.3765625 0.2515625 0.3765625 0.3203125 0.303125 0.3203125
1 0.3765625 0.0171875 0.4859375 0.0171875 0.4859375 0.1515625 0.3765625 0.1515625
1 0.046875 0.0203125 0.1828125 0.0203125 0.1828125 0.1046875 0.046875 0.1046875
1 0.2296875 0.621875 0.3484375 0.621875 0.3484375 0.7609375 0.2296875 0.7609375
1 0.103125 0.49375 0.159375 0.49375 0.159375 0.6765625 0.103125 0.6765625