0 0.08125 0.559375 0.1203125 0.559375 0.1203125 0.6640625 0.08125 0.6640625
0 0.1546875 0.66875 0.18125 0.66875 0.18125 0.7046875 0.1546875 0.7046875
0 0.2140625 0.628125 0.26875 0.628125 0.26875 0.6734375 0.2140625 0.6734375
0 0.3046875 0.6828125 0.33125 0.6828125 0.33125 0.71875 0.3046875 0.71875
0 0.365625 0.653125 0.4265625 0.653125 0.4265625 0.7390625 0.365625 0.7390625
0 0.4703125 0.653125 0.628125 0.653125 0.628125 0.721875 0.4703125 0.721875
0 0.653125 0.6421875 0.7703125 0.6421875 0.7703125 0.7421875 0.653125 0.7421875
0 0.80625 0.6421875 0.834375 0.6421875 0.834375 0.6921875 0.80625 0.6921875
0 0.8625 0.6609375 0.878125 0.6609375 0.878125 0.696875 0.8625 0.696875
1 0.0875 0.3421875 0.234375 0.3421875 0.234375 0.575 0.0875 0.575
1 0.2390625 0.184375 0.4953125 0.184375 0.4953125 0.6234375 0.2390625 0.6234375
1 0.503125 0.06875 0.8859375 0.06875 0.8859375 0.6234375 0.503125 0.6234375
1 0.790625 0.4578125 0.99375 0.4578125 0.99375 0.684375 0.790625 0.684375