0 0.2 0.6109375 0.31875 0.6109375 0.31875 0.7328125 0.2 0.7328125
0 0.0671875 0.665625 0.134375 0.665625 0.134375 0.7109375 0.0671875 0.7109375
0 0 0.5296875 0.0875 0.5296875 0.0875 0.5890625 0 0.5890625
0 0.146875 0.55 0.271875 0.55 0.271875 0.5984375 0.146875 0.5984375
0 0.3421875 0.55625 0.375 0.55625 0.375 0.5828125 0.3421875 0.5828125
0 0.4046875 0.5703125 0.428125 0.5703125 0.428125 0.5828125 0.4046875 0.5828125
0 0.6125 0.65625 0.6734375 0.65625 0.6734375 0.696875 0.6125 0.696875
0 0.8265625 0.5609375 0.8734375 0.5609375 0.8734375 0.653125 0.8265625 0.653125
1 0.5046875 0.809375 0.740625 0.809375 0.740625 0.9296875 0.5046875 0.9296875
1 0.1015625 0.9390625 0.2046875 0.9390625 0.2046875 1 0.1015625 1
1 0 0.8765625 0.059375 0.8765625 0.059375 0.9515625 0 0.9515625
1 0.0234375 0.253125 0.1921875 0.253125 0.1921875 0.5 0.0234375 0.5
1 0.5046875 0.2796875 0.61875 0.2796875 0.61875 0.4640625 0.5046875 0.4640625
1 0.5078125 0.5515625 0.596875 0.5515625 0.596875 0.696875 0.5078125 0.696875
1 0.7203125 0.6640625 0.784375 0.6640625 0.784375 0.7171875 0.7203125 0.7171875
1 0 0.0140625 0.13125 0.0140625 0.13125 0.1859375 0 0.1859375