0 0.034375 0.490625 0.309375 0.490625 0.309375 0.809375 0.034375 0.809375
0 0 0.3046875 0.1859375 0.3046875 0.1859375 0.4921875 0 0.4921875
0 0.2046875 0.334375 0.2734375 0.334375 0.2734375 0.43125 0.2046875 0.43125
0 0.3796875 0.3453125 0.45 0.3453125 0.45 0.4203125 0.3796875 0.4203125
0 0.45625 0.290625 0.55625 0.290625 0.55625 0.421875 0.45625 0.421875
0 0.58125 0.3484375 0.640625 0.3484375 0.640625 0.4359375 0.58125 0.4359375
0 0.6453125 0.3484375 0.709375 0.3484375 0.709375 0.434375 0.6453125 0.434375
0 0.7125 0.36875 0.796875 0.36875 0.796875 0.465625 0.7125 0.465625
0 0.809375 0.375 0.8609375 0.375 0.8609375 0.459375 0.809375 0.459375
0 0.8765625 0.390625 0.9140625 0.390625 0.9140625 0.4515625 0.8765625 0.4515625
0 0.928125 0.4140625 0.95 0.4140625 0.95 0.4515625 0.928125 0.4515625
1 0.6875 0.2125 0.7421875 0.2125 0.7421875 0.35 0.6875 0.35
1 0.7640625 0.2796875 0.8140625 0.2796875 0.8140625 0.36875 0.7640625 0.36875
1 0.4171875 0.1546875 0.5140625 0.1546875 0.5140625 0.3140625 0.4171875 0.3140625
1 0.5859375 0.2015625 0.6796875 0.2015625 0.6796875 0.3265625 0.5859375 0.3265625