0 0.1671875 0 0.3734375 0 0.3734375 0.23125 0.1671875 0.23125
0 0.3890625 0.2125 0.4296875 0.2125 0.4296875 0.271875 0.3890625 0.271875
0 0.3109375 0.2328125 0.3703125 0.2328125 0.3703125 0.44375 0.3109375 0.44375
0 0.4109375 0.496875 0.459375 0.496875 0.459375 0.565625 0.4109375 0.565625
1 0.3859375 0.0125 0.609375 0.0125 0.609375 0.2015625 0.3859375 0.2015625
1 0.6734375 0.309375 0.7390625 0.309375 0.7390625 0.4015625 0.6734375 0.4015625
1 0.759375 0.390625 0.846875 0.390625 0.846875 0.4625 0.759375 0.4625
1 0.8703125 0.3109375 0.9921875 0.3109375 0.9921875 0.4703125 0.8703125 0.4703125
1 0.6171875 0.8546875 0.6734375 0.8546875 0.6734375 0.9015625 0.6171875 0.9015625
1 0.73125 0.8578125 0.78125 0.8578125 0.78125 0.9296875 0.73125 0.9296875
1 0.6171875 0.003125 0.721875 0.003125 0.721875 0.1390625 0.6171875 0.1390625