0 0.0015625 0.328125 0.1875 0.328125 0.1875 0.4828125 0.0015625 0.4828125
0 0.20625 0.353125 0.325 0.353125 0.325 0.43125 0.20625 0.43125
0 0.3828125 0.3484375 0.4828125 0.3484375 0.4828125 0.41875 0.3828125 0.41875
0 0.4890625 0.2765625 0.5640625 0.2765625 0.5640625 0.4109375 0.4890625 0.4109375
0 0.5859375 0.353125 0.64375 0.353125 0.64375 0.43125 0.5859375 0.43125
0 0.6421875 0.34375 0.7171875 0.34375 0.7171875 0.428125 0.6421875 0.428125
0 0.7171875 0.3609375 0.8046875 0.3609375 0.8046875 0.4421875 0.7171875 0.4421875
0 0.803125 0.384375 0.8703125 0.384375 0.8703125 0.45 0.803125 0.45
0 0.8796875 0.3796875 0.921875 0.3796875 0.921875 0.4453125 0.8796875 0.4453125
0 0.059375 0.4875 0.3171875 0.4875 0.3171875 0.8234375 0.059375 0.8234375
1 0.4171875 0.090625 0.5359375 0.090625 0.5359375 0.265625 0.4171875 0.265625
1 0.5828125 0.128125 0.7125 0.128125 0.7125 0.3390625 0.5828125 0.3390625
1 0.7390625 0.2453125 0.815625 0.2453125 0.815625 0.35625 0.7390625 0.35625