0 0.009375 0.16875 0.1125 0.16875 0.1125 0.365625 0.009375 0.365625
0 0.1359375 0.2109375 0.26875 0.2109375 0.26875 0.4171875 0.1359375 0.4171875
0 0.140625 0.44375 0.234375 0.44375 0.234375 0.5015625 0.140625 0.5015625
0 0.25 0.4453125 0.4515625 0.4453125 0.4515625 0.625 0.25 0.625
0 0.5 0.50625 0.7390625 0.50625 0.7390625 0.728125 0.5 0.728125
0 0.7390625 0.2875 0.9921875 0.2875 0.9921875 0.659375 0.7390625 0.659375
0 0.3140625 0.34375 0.6203125 0.34375 0.6203125 0.471875 0.3140625 0.471875
0 0.4984375 0.4546875 0.5546875 0.4546875 0.5546875 0.4890625 0.4984375 0.4890625
0 0.2703125 0.2421875 0.3484375 0.2421875 0.3484375 0.33125 0.2703125 0.33125
0 0.45625 0.171875 0.665625 0.171875 0.665625 0.321875 0.45625 0.321875
1 0.0125 0 0.1578125 0 0.1578125 0.184375 0.0125 0.184375
1 0.4828125 0.0640625 0.590625 0.0640625 0.590625 0.1921875 0.4828125 0.1921875