0 0.5 0.5 1 1
0 0.3484375 0.84609375 0.040625 0.11015625
0 0.6453125 0.8453125 0.03984375 0.078125
0 0.57109375 0.61953125 0.040625 0.053125
0 0.54921875 0.50078125 0.02578125 0.04609375
0 0.4015625 0.6125 0.01875 0.03828125
0 0.26484375 0.06796875 0.1484375 0.09765625
0 0.75703125 0.0265625 0.04609375 0.053125
0 0.703125 0.05390625 0.028125 0.0328125
0 0.6734375 0.07890625 0.015625 0.0328125
0 0.6171875 0.1140625 0.0234375 0.025
0 0.36875 0.1203125 0.03125 0.01953125
0 0.4921875 0.12578125 0.0859375 0.03359375
0 0.49453125 0.028125 0.2046875 0.053125