0 0.209375 0.246875 0.25625 0.246875 0.25625 0.346875 0.209375 0.346875
0 0.371875 0.1421875 0.4234375 0.1421875 0.4234375 0.2453125 0.371875 0.2453125
0 0.421875 0.1046875 0.475 0.1046875 0.475 0.203125 0.421875 0.203125
0 0.5296875 0.0890625 0.6296875 0.0890625 0.6296875 0.253125 0.5296875 0.253125
0 0.509375 0.209375 0.55 0.209375 0.55 0.2875 0.509375 0.2875
0 0.46875 0.284375 0.5125 0.284375 0.5125 0.49375 0.46875 0.49375
0 0.75 0.278125 0.815625 0.278125 0.815625 0.4046875 0.75 0.4046875
0 0.7578125 0.159375 0.796875 0.159375 0.796875 0.2359375 0.7578125 0.2359375
0 0.8859375 0.1875 0.9390625 0.1875 0.9390625 0.290625 0.8859375 0.290625
0 0.8828125 0.428125 0.9171875 0.428125 0.9171875 0.5234375 0.8828125 0.5234375
0 0.7609375 0.63125 0.8046875 0.63125 0.8046875 0.7296875 0.7609375 0.7296875
0 0.46875 0.7796875 0.5265625 0.7796875 0.5265625 0.9140625 0.46875 0.9140625
0 0.2140625 0.5640625 0.2546875 0.5640625 0.2546875 0.6546875 0.2140625 0.6546875