0 0.053125 0.33125 0.0875 0.33125 0.0875 0.440625 0.053125 0.440625
0 0.028125 0.440625 0.071875 0.440625 0.071875 0.55 0.028125 0.55
0 0.01875 0.5453125 0.0546875 0.5453125 0.0546875 0.7140625 0.01875 0.7140625
0 0.253125 0.5640625 0.2953125 0.5640625 0.2953125 0.7203125 0.253125 0.7203125
0 0.25625 0.41875 0.2828125 0.41875 0.2828125 0.56875 0.25625 0.56875
0 0.25 0.2375 0.2828125 0.2375 0.2828125 0.3328125 0.25 0.3328125
0 0.4109375 0.159375 0.446875 0.159375 0.446875 0.278125 0.4109375 0.278125
0 0.4390625 0.25625 0.4609375 0.25625 0.4609375 0.328125 0.4390625 0.328125
0 0.4515625 0.3234375 0.4765625 0.3234375 0.4765625 0.4078125 0.4515625 0.4078125
0 0.4859375 0.4015625 0.5265625 0.4015625 0.5265625 0.5546875 0.4859375 0.5546875
0 0.553125 0.55 0.6078125 0.55 0.6078125 0.7359375 0.553125 0.7359375
0 0.8734375 0.5765625 0.9421875 0.5765625 0.9421875 0.740625 0.8734375 0.740625
0 0.778125 0.4453125 0.8234375 0.4453125 0.8234375 0.5625 0.778125 0.5625
0 0.69375 0.271875 0.7265625 0.271875 0.7265625 0.4140625 0.69375 0.4140625
0 0.5984375 0.178125 0.6390625 0.178125 0.6390625 0.278125 0.5984375 0.278125
0 0.771875 0.15625 0.8125 0.15625 0.8125 0.2515625 0.771875 0.2515625
0 0.9609375 0.259375 0.996875 0.259375 0.996875 0.425 0.9609375 0.425