0 0.0765625 0.584375 0.1609375 0.584375 0.1609375 0.753125 0.0765625 0.753125
0 0.2640625 0.5875 0.3203125 0.5875 0.3203125 0.684375 0.2640625 0.684375
0 0.5546875 0.7265625 0.640625 0.7265625 0.640625 0.9625 0.5546875 0.9625
0 0.696875 0.7109375 0.796875 0.7109375 0.796875 0.85625 0.696875 0.85625
0 0.8453125 0.546875 0.940625 0.546875 0.940625 0.671875 0.8453125 0.671875
0 0.18125 0.1625 0.271875 0.1625 0.271875 0.3296875 0.18125 0.3296875
0 0.371875 0.46875 0.4734375 0.46875 0.4734375 0.590625 0.371875 0.590625
0 0.3546875 0.115625 0.4484375 0.115625 0.4484375 0.290625 0.3546875 0.290625
0 0.546875 0.4046875 0.6203125 0.4046875 0.6203125 0.5296875 0.546875 0.5296875
0 0.646875 0.290625 0.7265625 0.290625 0.7265625 0.4328125 0.646875 0.4328125
0 0.753125 0.246875 0.834375 0.246875 0.834375 0.3921875 0.753125 0.3921875
0 0.903125 0.2171875 0.984375 0.2171875 0.984375 0.3515625 0.903125 0.3515625