0 0.2109375 0.2484375 0.2578125 0.2484375 0.2578125 0.3484375 0.2109375 0.3484375
0 0.3734375 0.1453125 0.425 0.1453125 0.425 0.246875 0.3734375 0.246875
0 0.421875 0.1078125 0.475 0.1078125 0.475 0.20625 0.421875 0.20625
0 0.5296875 0.0921875 0.628125 0.0921875 0.628125 0.25625 0.5296875 0.25625
0 0.509375 0.2125 0.55 0.2125 0.55 0.2890625 0.509375 0.2890625
0 0.46875 0.2859375 0.5125 0.2859375 0.5125 0.49375 0.46875 0.49375
0 0.75 0.2796875 0.8140625 0.2796875 0.8140625 0.40625 0.75 0.40625
0 0.75625 0.1625 0.7953125 0.1625 0.7953125 0.2375 0.75625 0.2375
0 0.8828125 0.1890625 0.9359375 0.1890625 0.9359375 0.2921875 0.8828125 0.2921875
0 0.8796875 0.428125 0.9140625 0.428125 0.9140625 0.5234375 0.8796875 0.5234375
0 0.759375 0.63125 0.803125 0.63125 0.803125 0.728125 0.759375 0.728125
0 0.46875 0.778125 0.5265625 0.778125 0.5265625 0.9109375 0.46875 0.9109375
0 0.215625 0.5640625 0.25625 0.5640625 0.25625 0.6546875 0.215625 0.6546875