0 0.06875 0.575 0.15625 0.575 0.15625 0.753125 0.06875 0.753125
0 0.265625 0.5796875 0.325 0.5796875 0.325 0.68125 0.265625 0.68125
0 0.5703125 0.7234375 0.6609375 0.7234375 0.6609375 0.971875 0.5703125 0.971875
0 0.7203125 0.7078125 0.825 0.7078125 0.825 0.8609375 0.7203125 0.8609375
0 0.875 0.5359375 0.975 0.5359375 0.975 0.6671875 0.875 0.6671875
0 0.1796875 0.13125 0.275 0.13125 0.275 0.3078125 0.1796875 0.3078125
0 0.3796875 0.4546875 0.4859375 0.4546875 0.4859375 0.5828125 0.3796875 0.5828125
0 0.3609375 0.0828125 0.459375 0.0828125 0.459375 0.265625 0.3609375 0.265625
0 0.5609375 0.3859375 0.6390625 0.3859375 0.6390625 0.5171875 0.5609375 0.5171875
0 0.665625 0.2671875 0.75 0.2671875 0.75 0.4171875 0.665625 0.4171875
0 0.778125 0.2203125 0.8625 0.2203125 0.8625 0.3734375 0.778125 0.3734375
0 0.934375 0.1890625 1 0.1890625 1 0.3296875 0.934375 0.3296875