0 0.2109375 0.190625 0.2625 0.190625 0.2625 0.3015625 0.2109375 0.3015625
0 0.3890625 0.0765625 0.4453125 0.0765625 0.4453125 0.1875 0.3890625 0.1875
0 0.4421875 0.034375 0.5015625 0.034375 0.5015625 0.14375 0.4421875 0.14375
0 0.5609375 0.01875 0.6703125 0.01875 0.6703125 0.1984375 0.5609375 0.1984375
0 0.5390625 0.15 0.5828125 0.15 0.5828125 0.234375 0.5390625 0.234375
0 0.4953125 0.23125 0.54375 0.23125 0.54375 0.459375 0.4953125 0.459375
0 0.803125 0.225 0.8734375 0.225 0.8734375 0.3640625 0.803125 0.3640625
0 0.8109375 0.0953125 0.8546875 0.0953125 0.8546875 0.178125 0.8109375 0.178125
0 0.95 0.125 1 0.125 1 0.2390625 0.95 0.2390625
0 0.946875 0.3890625 0.984375 0.3890625 0.984375 0.49375 0.946875 0.49375
0 0.8140625 0.6125 0.8625 0.6125 0.8625 0.71875 0.8140625 0.71875
0 0.4953125 0.7734375 0.5578125 0.7734375 0.5578125 0.91875 0.4953125 0.91875
0 0.2171875 0.5375 0.2609375 0.5375 0.2609375 0.6375 0.2171875 0.6375