0 0.18125 0.221875 0.234375 0.221875 0.234375 0.3328125 0.18125 0.3328125
0 0.3625 0.1078125 0.41875 0.1078125 0.41875 0.21875 0.3625 0.21875
0 0.4140625 0.0671875 0.471875 0.0671875 0.471875 0.175 0.4140625 0.175
0 0.53125 0.05 0.6421875 0.05 0.6421875 0.2296875 0.53125 0.2296875
0 0.509375 0.18125 0.553125 0.18125 0.553125 0.265625 0.509375 0.265625
0 0.465625 0.2609375 0.5140625 0.2609375 0.5140625 0.490625 0.465625 0.490625
0 0.7734375 0.25625 0.840625 0.25625 0.840625 0.3921875 0.7734375 0.3921875
0 0.78125 0.1265625 0.8234375 0.1265625 0.8234375 0.209375 0.78125 0.209375
0 0.91875 0.1578125 0.9765625 0.1578125 0.9765625 0.2703125 0.91875 0.2703125
0 0.915625 0.4171875 0.953125 0.4171875 0.953125 0.5234375 0.915625 0.5234375
0 0.78125 0.640625 0.8296875 0.640625 0.8296875 0.746875 0.78125 0.746875
0 0.465625 0.8015625 0.5296875 0.8015625 0.5296875 0.946875 0.465625 0.946875
0 0.1890625 0.5640625 0.234375 0.5640625 0.234375 0.6640625 0.1890625 0.6640625