0 0.0625 0.3234375 0.096875 0.3234375 0.096875 0.43125 0.0625 0.43125
0 0.0390625 0.43125 0.0828125 0.43125 0.0828125 0.5390625 0.0390625 0.5390625
0 0.0296875 0.534375 0.065625 0.534375 0.065625 0.6984375 0.0296875 0.6984375
0 0.259375 0.5515625 0.3 0.5515625 0.3 0.7046875 0.259375 0.7046875
0 0.2609375 0.409375 0.2875 0.409375 0.2875 0.55625 0.2609375 0.55625
0 0.25625 0.2328125 0.2890625 0.2328125 0.2890625 0.325 0.25625 0.325
0 0.4140625 0.15625 0.4484375 0.15625 0.4484375 0.271875 0.4140625 0.271875
0 0.440625 0.25 0.4625 0.25 0.4625 0.3203125 0.440625 0.3203125
0 0.453125 0.315625 0.478125 0.315625 0.478125 0.3984375 0.453125 0.3984375
0 0.4875 0.3921875 0.5265625 0.3921875 0.5265625 0.5421875 0.4875 0.5421875
0 0.5515625 0.5390625 0.6046875 0.5390625 0.6046875 0.7203125 0.5515625 0.7203125
0 0.865625 0.5640625 0.9328125 0.5640625 0.9328125 0.725 0.865625 0.725
0 0.7734375 0.4359375 0.8171875 0.4359375 0.8171875 0.55 0.7734375 0.55
0 0.690625 0.265625 0.721875 0.265625 0.721875 0.4046875 0.690625 0.4046875
0 0.596875 0.175 0.6375 0.175 0.6375 0.2734375 0.596875 0.2734375
0 0.7671875 0.153125 0.80625 0.153125 0.80625 0.246875 0.7671875 0.246875
0 0.9515625 0.2546875 0.9875 0.2546875 0.9875 0.415625 0.9515625 0.415625