0 0.209375 0.2484375 0.2578125 0.2484375 0.2578125 0.35 0.209375 0.35
0 0.3734375 0.14375 0.425 0.14375 0.425 0.2453125 0.3734375 0.2453125
0 0.4203125 0.1078125 0.4734375 0.1078125 0.4734375 0.20625 0.4203125 0.20625
0 0.5296875 0.0921875 0.63125 0.0921875 0.63125 0.25625 0.5296875 0.25625
0 0.509375 0.2125 0.55 0.2125 0.55 0.2890625 0.509375 0.2890625
0 0.46875 0.284375 0.5125 0.284375 0.5125 0.49375 0.46875 0.49375
0 0.75 0.2796875 0.8125 0.2796875 0.8125 0.4046875 0.75 0.4046875
0 0.7578125 0.1625 0.796875 0.1625 0.796875 0.2375 0.7578125 0.2375
0 0.884375 0.1890625 0.9375 0.1890625 0.9375 0.2921875 0.884375 0.2921875
0 0.8796875 0.428125 0.9140625 0.428125 0.9140625 0.525 0.8796875 0.525
0 0.7578125 0.6328125 0.8015625 0.6328125 0.8015625 0.7296875 0.7578125 0.7296875
0 0.46875 0.7796875 0.5265625 0.7796875 0.5265625 0.9125 0.46875 0.9125
0 0.215625 0.5625 0.25625 0.5625 0.25625 0.653125 0.215625 0.653125