0 0.1984375 0.2546875 0.2484375 0.2546875 0.2484375 0.359375 0.1984375 0.359375
0 0.36875 0.1484375 0.421875 0.1484375 0.421875 0.253125 0.36875 0.253125
0 0.4171875 0.1109375 0.471875 0.1109375 0.471875 0.2125 0.4171875 0.2125
0 0.528125 0.09375 0.6328125 0.09375 0.6328125 0.2625 0.528125 0.2625
0 0.5078125 0.2171875 0.55 0.2171875 0.55 0.296875 0.5078125 0.296875
0 0.4671875 0.2921875 0.5125 0.2921875 0.5125 0.5078125 0.4671875 0.5078125
0 0.75625 0.2875 0.8203125 0.2875 0.8203125 0.4171875 0.75625 0.4171875
0 0.7625 0.165625 0.803125 0.165625 0.803125 0.24375 0.7625 0.24375
0 0.89375 0.1953125 0.9484375 0.1953125 0.9484375 0.3015625 0.89375 0.3015625
0 0.8890625 0.440625 0.925 0.440625 0.925 0.540625 0.8890625 0.540625
0 0.7640625 0.65 0.809375 0.65 0.809375 0.75 0.7640625 0.75
0 0.4671875 0.8015625 0.5265625 0.8015625 0.5265625 0.9375 0.4671875 0.9375
0 0.20625 0.5796875 0.2484375 0.5796875 0.2484375 0.671875 0.20625 0.671875