0 0 0.3109375 0.0265625 0.3109375 0.0265625 0.43125 0 0.43125
0 0 0.4296875 0.0140625 0.4296875 0.0140625 0.55 0 0.55
0 0.2078125 0.5640625 0.2515625 0.5640625 0.2515625 0.73125 0.2078125 0.73125
0 0.209375 0.4078125 0.2390625 0.4078125 0.2390625 0.5671875 0.209375 0.5671875
0 0.2046875 0.2171875 0.2390625 0.2171875 0.2390625 0.315625 0.2046875 0.315625
0 0.3765625 0.1328125 0.4140625 0.1328125 0.4140625 0.259375 0.3765625 0.259375
0 0.4046875 0.234375 0.4296875 0.234375 0.4296875 0.309375 0.4046875 0.309375
0 0.4203125 0.30625 0.446875 0.30625 0.446875 0.396875 0.4203125 0.396875
0 0.45625 0.3890625 0.4984375 0.3890625 0.4984375 0.553125 0.45625 0.553125
0 0.528125 0.55 0.5859375 0.55 0.5859375 0.7453125 0.528125 0.7453125
0 0.871875 0.5765625 0.9453125 0.5765625 0.9453125 0.753125 0.871875 0.753125
0 0.76875 0.4375 0.8171875 0.4375 0.8171875 0.5609375 0.76875 0.5609375
0 0.678125 0.25 0.7125 0.25 0.7125 0.4046875 0.678125 0.4046875
0 0.5765625 0.1515625 0.6203125 0.1515625 0.6203125 0.259375 0.5765625 0.259375
0 0.7625 0.1265625 0.8046875 0.1265625 0.8046875 0.23125 0.7625 0.23125
0 0.9640625 0.2375 1 0.2375 1 0.4125 0.9640625 0.4125