0 0.0640625 0.3234375 0.0953125 0.3234375 0.0953125 0.4328125 0.0640625 0.4328125
0 0.0390625 0.4296875 0.0828125 0.4296875 0.0828125 0.5390625 0.0390625 0.5390625
0 0.028125 0.534375 0.065625 0.534375 0.065625 0.696875 0.028125 0.696875
0 0.259375 0.5515625 0.2984375 0.5515625 0.2984375 0.7046875 0.259375 0.7046875
0 0.2609375 0.409375 0.2890625 0.409375 0.2890625 0.55625 0.2609375 0.55625
0 0.25625 0.234375 0.2875 0.234375 0.2875 0.325 0.25625 0.325
0 0.4140625 0.1578125 0.4484375 0.1578125 0.4484375 0.2734375 0.4140625 0.2734375
0 0.440625 0.2515625 0.4625 0.2515625 0.4625 0.3203125 0.440625 0.3203125
0 0.4546875 0.315625 0.478125 0.315625 0.478125 0.3984375 0.4546875 0.3984375
0 0.4859375 0.3921875 0.525 0.3921875 0.525 0.5421875 0.4859375 0.5421875
0 0.5515625 0.5390625 0.6046875 0.5390625 0.6046875 0.71875 0.5515625 0.71875
0 0.8671875 0.5640625 0.934375 0.5640625 0.934375 0.725 0.8671875 0.725
0 0.7734375 0.4375 0.8171875 0.4375 0.8171875 0.55 0.7734375 0.55
0 0.6890625 0.265625 0.7203125 0.265625 0.7203125 0.40625 0.6890625 0.40625
0 0.596875 0.175 0.6375 0.175 0.6375 0.2734375 0.596875 0.2734375
0 0.7671875 0.153125 0.80625 0.153125 0.80625 0.2484375 0.7671875 0.2484375
0 0.9515625 0.253125 0.9875 0.253125 0.9875 0.4140625 0.9515625 0.4140625