0 0.0640625 0.590625 0.15 0.590625 0.15 0.7640625 0.0640625 0.7640625
0 0.25625 0.59375 0.3140625 0.59375 0.3140625 0.69375 0.25625 0.69375
0 0.55625 0.7359375 0.6453125 0.7359375 0.6453125 0.978125 0.55625 0.978125
0 0.703125 0.7203125 0.80625 0.7203125 0.80625 0.8703125 0.703125 0.8703125
0 0.8546875 0.55 0.953125 0.55 0.953125 0.6796875 0.8546875 0.6796875
0 0.171875 0.15625 0.265625 0.15625 0.265625 0.328125 0.171875 0.328125
0 0.36875 0.4703125 0.4734375 0.4703125 0.4734375 0.596875 0.36875 0.596875
0 0.35 0.1078125 0.446875 0.1078125 0.446875 0.2875 0.35 0.2875
0 0.546875 0.4046875 0.6234375 0.4046875 0.6234375 0.5328125 0.546875 0.5328125
0 0.65 0.2875 0.7328125 0.2875 0.7328125 0.434375 0.65 0.434375
0 0.759375 0.2421875 0.84375 0.2421875 0.84375 0.390625 0.759375 0.390625
0 0.9140625 0.2109375 0.996875 0.2109375 0.996875 0.35 0.9140625 0.35