0 0.0140625 0.303125 0.046875 0.303125 0.046875 0.41875 0.0140625 0.41875
0 0 0.415625 0.0328125 0.415625 0.0328125 0.5328125 0 0.5328125
0 0 0.528125 0.015625 0.528125 0.015625 0.7015625 0 0.7015625
0 0.221875 0.546875 0.2640625 0.546875 0.2640625 0.709375 0.221875 0.709375
0 0.2234375 0.3953125 0.253125 0.3953125 0.253125 0.5515625 0.2234375 0.5515625
0 0.21875 0.209375 0.253125 0.209375 0.253125 0.30625 0.21875 0.30625
0 0.3859375 0.1265625 0.4234375 0.1265625 0.4234375 0.25 0.3859375 0.25
0 0.4140625 0.2265625 0.4375 0.2265625 0.4375 0.3 0.4140625 0.3
0 0.4296875 0.2953125 0.4546875 0.2953125 0.4546875 0.384375 0.4296875 0.384375
0 0.4640625 0.378125 0.5046875 0.378125 0.5046875 0.5375 0.4640625 0.5375
0 0.534375 0.5328125 0.590625 0.5328125 0.590625 0.725 0.534375 0.725
0 0.86875 0.559375 0.9390625 0.559375 0.9390625 0.73125 0.86875 0.73125
0 0.76875 0.425 0.815625 0.425 0.815625 0.54375 0.76875 0.54375
0 0.6796875 0.2421875 0.7125 0.2421875 0.7125 0.3921875 0.6796875 0.3921875
0 0.58125 0.1453125 0.6234375 0.1453125 0.6234375 0.25 0.58125 0.25
0 0.7609375 0.121875 0.803125 0.121875 0.803125 0.2234375 0.7609375 0.2234375
0 0.9578125 0.2296875 0.996875 0.2296875 0.996875 0.4 0.9578125 0.4