0 0.05625 0.31875 0.0921875 0.31875 0.0921875 0.4296875 0.05625 0.4296875
0 0.03125 0.428125 0.0765625 0.428125 0.0765625 0.5390625 0.03125 0.5390625
0 0.021875 0.534375 0.0578125 0.534375 0.0578125 0.703125 0.021875 0.703125
0 0.2578125 0.553125 0.3 0.553125 0.3 0.7109375 0.2578125 0.7109375
0 0.2609375 0.40625 0.2875 0.40625 0.2875 0.55625 0.2609375 0.55625
0 0.2546875 0.225 0.2890625 0.225 0.2890625 0.3203125 0.2546875 0.3203125
0 0.4171875 0.146875 0.453125 0.146875 0.453125 0.265625 0.4171875 0.265625
0 0.44375 0.2421875 0.4671875 0.2421875 0.4671875 0.315625 0.44375 0.315625
0 0.4578125 0.3109375 0.4828125 0.3109375 0.4828125 0.3953125 0.4578125 0.3953125
0 0.4921875 0.3890625 0.5328125 0.3890625 0.5328125 0.54375 0.4921875 0.54375
0 0.559375 0.5390625 0.6140625 0.5390625 0.6140625 0.7265625 0.559375 0.7265625
0 0.8828125 0.565625 0.9515625 0.565625 0.9515625 0.73125 0.8828125 0.73125
0 0.7875 0.434375 0.8328125 0.434375 0.8328125 0.5515625 0.7875 0.5515625
0 0.7015625 0.259375 0.734375 0.259375 0.734375 0.4015625 0.7015625 0.4015625
0 0.60625 0.165625 0.6484375 0.165625 0.6484375 0.2671875 0.60625 0.2671875
0 0.78125 0.1421875 0.8203125 0.1421875 0.8203125 0.2390625 0.78125 0.2390625
0 0.96875 0.246875 1 0.246875 1 0.4125 0.96875 0.4125